	1	0.002281913646090162	0	0.9977180863539099
	1	1.8577174297849998E-4	0	0.9998142282570216
	1	0.9851899666562856	0	0.014810033343714543
	1	5.579491891658047E-5	0	0.9999442050810835
	1	0.9912611127081792	0	0.008738887291820863
	1	0.9998701592383118	0	1.2984076168819693E-4
	1	0.06083281913887093	0	0.939167180861129
	1	0.9842339330750879	0	0.015766066924912236
	1	0.9313905356651553	0	0.06860946433484467
	1	1.2140201029869906E-5	0	0.9999878597989702
	1	6.94822156173744E-5	0	0.9999305177843826
	1	0.9992436549116115	0	7.563450883884803E-4
	1	4.707038286699029E-4	0	0.9995292961713301
	1	0.9829368662301472	0	0.01706313376985278
	1	0.9889577438310625	0	0.011042256168937451
	1	0.812839227201961	0	0.18716077279803903
	1	0.93996409221047	0	0.06003590778953006
	1	6.815534611910078E-4	0	0.999318446538809
	1	0.005938806121953855	0	0.9940611938780463
	1	0.9953771843535558	0	0.004622815646444227
	1	0.9987748363256482	0	0.0012251636743518444
	1	0.9730384304449258	0	0.02696156955507429
	1	0.9995082940798341	0	4.917059201658117E-4
	1	7.151682559494325E-4	0	0.9992848317440505
	1	0.0011333921839190796	0	0.9988666078160808
	1	0.9015981115245366	0	0.0984018884754634
	1	0.0026933059032360667	0	0.9973066940967639
	1	0.0010277950318598413	0	0.9989722049681402
	1	0.22970927525083373	0	0.7702907247491663
	1	0.012904396577810668	0	0.9870956034221894
	1	0.10452647437285537	0	0.8954735256271447
	1	0.8102009144217861	0	0.18979908557821393
	1	0.01640519656975572	0	0.9835948034302442
	1	3.727360972646465E-4	0	0.9996272639027353
	1	0.010656317243222916	0	0.9893436827567771
	1	0.004594878459884379	0	0.9954051215401155
	1	0.536626338799319	0	0.463373661200681
	1	0.0017960083232838211	0	0.9982039916767163
	1	0.05064490631161635	0	0.9493550936883837
	1	0.977165191627235	0	0.02283480837276501
	1	0.99949172616408	0	5.082738359199536E-4
	1	0.0015810743060293464	0	0.9984189256939706
	1	0.8960272540386364	0	0.10397274596136366
	1	0.0030898428380460377	0	0.996910157161954
	1	0.001921929436486474	0	0.9980780705635135
	1	0.9925545520486763	0	0.007445447951323884
	1	0.9780256665369691	0	0.021974333463030966
	1	0.018234371121766894	0	0.981765628878233
	1	0.6161281448583327	0	0.3838718551416673
	1	0.9986114174682241	0	0.0013885825317757978
	1	0.5332504583598764	0	0.46674954164012367
	1	0.02916697498356941	0	0.9708330250164305
	1	5.8468484267439115E-6	0	0.9999941531515734
	1	0.035222206205799335	0	0.9647777937942006
	1	0.9986359959768618	0	0.0013640040231381893
	1	0.03813219555686229	0	0.9618678044431378
	1	0.011660397987549724	0	0.9883396020124503
	1	0.0015975720114464302	0	0.9984024279885536
	1	0.9808014464618423	0	0.019198553538157578
	1	2.1967772179461284E-4	0	0.9997803222782053
	1	0.8846240084047824	0	0.11537599159521753
	1	0.0016685234716184963	0	0.9983314765283815
	1	0.9400674437045442	0	0.05993255629545571
	1	0.0014703433118644837	0	0.9985296566881354
	1	0.04001307481136597	0	0.9599869251886339
	1	0.9998190029433024	0	1.809970566975118E-4
	1	0.9999873435082788	0	1.2656491721200255E-5
	1	2.0095364977383443E-4	0	0.9997990463502261
	1	0.002045105961494686	0	0.9979548940385053
	1	7.870319196724437E-6	0	0.9999921296808034
	1	0.9982201876413278	0	0.0017798123586721473
	1	0.005480174460219371	0	0.9945198255397806
	1	1.1282258684408287E-5	0	0.9999887177413156
	1	0.020500431985174775	0	0.9794995680148253
	1	0.1553060019732132	0	0.8446939980267868
	1	0.3054428480910048	0	0.6945571519089951
	1	0.09925385832282407	0	0.9007461416771759
	1	0.14638259876576698	0	0.853617401234233
	1	2.6328315552057093E-4	0	0.9997367168444794
	1	0.015448308711800885	0	0.9845516912881991
	1	0.0032137136235408973	0	0.996786286376459
	1	0.4095460768515254	0	0.5904539231484746
	1	0.345899453544171	0	0.6541005464558289
	1	0.023495412059721475	0	0.9765045879402786
	1	0.9795752553645374	0	0.02042474463546267
	1	0.9927613320619509	0	0.00723866793804905
	1	0.0044328679212037175	0	0.9955671320787962
	1	0.026059038083357286	0	0.9739409619166428
	1	5.9951782849818E-4	0	0.9994004821715018
	1	1.608442181364255E-5	0	0.9999839155781864
	1	0.9673731171224169	0	0.03262688287758307
	1	0.4975869938570373	0	0.5024130061429627
	1	0.004870982530942062	0	0.9951290174690579
	1	0.0014364521102692713	0	0.9985635478897307
	1	7.738673843190228E-5	0	0.999922613261568
	1	0.005541145348940658	0	0.9944588546510593
	1	0.9909149169806868	0	0.009085083019313168
	1	0.9992562099313914	0	7.437900686085913E-4
	1	1.1861162833656466E-5	0	0.9999881388371664
	1	0.9519715119725397	0	0.04802848802746033
	1	7.874615288790741E-4	0	0.9992125384711209
	1	3.0069909628652094E-4	0	0.9996993009037135
	1	0.026683272574595688	0	0.9733167274254043
	1	0.004233184921545944	0	0.995766815078454
	1	0.976396615676409	0	0.023603384323590975
	1	7.988160900991788E-4	0	0.9992011839099008
	1	0.9994660172422064	0	5.339827577936238E-4
	1	0.7502845817769627	0	0.2497154182230373
	1	7.051700096385966E-6	0	0.9999929482999036
	1	0.014920445678598918	0	0.9850795543214012
	1	3.1123242039980154E-5	0	0.9999688767579601
	1	0.0070346459000618705	0	0.992965354099938
	1	1.6562758778953209E-4	0	0.9998343724122105
	1	0.9993480765077489	0	6.519234922510828E-4
	1	7.523984322116841E-4	0	0.9992476015677884
	1	0.002906400599198501	0	0.9970935994008014
	1	0.0019036344973275472	0	0.9980963655026724
	1	0.959001687462077	0	0.04099831253792297
	1	0.9871539263163309	0	0.012846073683669149
	1	7.193742519320945E-4	0	0.999280625748068
	1	3.194086951151903E-5	0	0.9999680591304886
	1	2.624087362229427E-5	0	0.9999737591263776
	1	0.07430203716089197	0	0.9256979628391081
	1	0.0038436118118784874	0	0.9961563881881214
	1	2.080747488425282E-5	0	0.9999791925251157
	1	1.915463155278997E-5	0	0.9999808453684471
	1	0.8891171392422451	0	0.11088286075775501
	1	0.0010066294193250647	0	0.9989933705806748
	1	0.00638627783720013	0	0.9936137221627998
	1	0.002078561129946851	0	0.9979214388700532
	1	0.9907411713170428	0	0.009258828682957186
	1	6.237149024744948E-4	0	0.9993762850975255
	1	0.008695976614948154	0	0.9913040233850519
	1	8.82146375431984E-5	0	0.9999117853624568
	1	4.6433733210943007E-4	0	0.9995356626678905
	1	0.005900508237954361	0	0.9940994917620455
	1	1.3854731090640678E-4	0	0.9998614526890937
	1	0.0052752573132729035	0	0.9947247426867271
	1	0.028234538705102973	0	0.9717654612948969
	1	1.8107345465771097E-5	0	0.9999818926545343
	1	0.030856407945951903	0	0.9691435920540481
	1	0.9997481989254553	0	2.5180107454470874E-4
	1	0.013827616698599875	0	0.9861723833014001
	1	0.990758100223893	0	0.009241899776106958
	1	0.7609543552111759	0	0.23904564478882406
	1	1.6240400389313396E-5	0	0.9999837595996107
	1	0.8701718104377859	0	0.1298281895622141
	1	0.9996253970282456	0	3.746029717543003E-4
	1	0.9970400381739558	0	0.0029599618260441477
	1	5.152016955249266E-4	0	0.999484798304475
	1	8.172779946564184E-4	0	0.9991827220053436
	1	0.9907759907211144	0	0.009224009278885684
	1	0.0665117449522343	0	0.9334882550477657
	1	0.8743914005898797	0	0.12560859941012031
	1	0.003560464107936636	0	0.9964395358920634
	1	1.8960039078007436E-5	0	0.999981039960922
	1	1.4252803175209924E-5	0	0.9999857471968248
	1	2.7330284643310706E-5	0	0.9999726697153567
	1	8.19170500117203E-6	0	0.9999918082949988
	1	2.7330284643310706E-5	0	0.9999726697153567
	1	0.0011169542205901742	0	0.9988830457794097
	1	9.409376832106979E-5	0	0.999905906231679
	1	9.556949024084346E-5	0	0.9999044305097592
	1	0.03674267969516944	0	0.9632573203048305
	1	0.9907759907211144	0	0.009224009278885684
	1	0.9925041500025096	0	0.007495849997490414
	1	0.03628505047107466	0	0.9637149495289254
	1	3.190152074097723E-5	0	0.9999680984792589
	1	0.017891988137994648	0	0.9821080118620055
	1	3.227087920605128E-4	0	0.9996772912079395
	1	1.1279631337624923E-4	0	0.9998872036866239
	1	0.23155100381657848	0	0.7684489961834216
	1	1.1390698941654055E-4	0	0.9998860930105835
	1	0.9403039996798063	0	0.05969600032019382
	1	0.9868579174424846	0	0.013142082557515358
	1	0.02836549246919038	0	0.9716345075308095
	1	0.980736397205636	0	0.019263602794364044
	1	1.915597796705283E-5	0	0.9999808440220329
	1	0.0018652257816729736	0	0.998134774218327
	1	0.8723536755971273	0	0.12764632440287266
	1	0.9999616065901521	0	3.839340984780544E-5
	1	0.924636239759833	0	0.07536376024016708
	1	0.9926751348602846	0	0.007324865139715413
	1	1.8481506490952202E-4	0	0.9998151849350905
	1	0.09497961335847964	0	0.9050203866415204
	1	6.117983627363532E-5	0	0.9999388201637264
	1	0.9995458479514985	0	4.541520485013875E-4
	1	4.217583716679999E-5	0	0.9999578241628332
	1	0.27859867346410483	0	0.7214013265358952
	1	0.8701718104377859	0	0.1298281895622141
	1	5.402322000812872E-4	0	0.9994597677999186
	1	0.9995549855752297	0	4.4501442477021887E-4
	1	3.600772414126194E-4	0	0.9996399227585875
	1	0.9910355646410788	0	0.008964435358921188
	1	2.172486055855052E-5	0	0.9999782751394415
	1	0.02131985278172235	0	0.9786801472182777
	1	0.0011205134625849832	0	0.998879486537415
	1	0.0013845702991160584	0	0.998615429700884
	1	0.004428210719317596	0	0.9955717892806825
	1	0.9986811478178877	0	0.001318852182112228
	1	0.9978674634697208	0	0.0021325365302792046
	1	0.002516550872516385	0	0.9974834491274837
	1	0.9765595119238188	0	0.023440488076181078
	1	0.984365070289843	0	0.015634929710156953
	1	0.9997898130392456	0	2.1018696075424047E-4
	1	0.9892115870357243	0	0.010788412964275679
	1	3.756243926889558E-5	0	0.9999624375607311
	1	0.988331051583383	0	0.01166894841661707
	1	0.022886995148650415	0	0.9771130048513496
	1	0.04510678146703705	0	0.9548932185329629
	1	2.1574584653612504E-5	0	0.9999784254153463
	1	0.7970071915511784	0	0.20299280844882153
	1	0.7703762719382271	0	0.22962372806177284
	1	0.0024567201443682633	0	0.9975432798556317
	1	0.0010345134701352657	0	0.9989654865298646
	1	0.3001019578879328	0	0.6998980421120671
	1	0.8775329377775537	0	0.12246706222244629
	1	0.01515903952314347	0	0.9848409604768565
	1	1.3135538851324964E-5	0	0.9999868644611487
	1	0.0015182483099450074	0	0.998481751690055
	1	0.6120498191016186	0	0.3879501808983814
	1	2.2364996732736313E-5	0	0.9999776350032673
	1	6.369906391099641E-5	0	0.9999363009360889
	1	0.15588119489536734	0	0.8441188051046327
	1	0.016835013810352874	0	0.9831649861896472
	1	0.9237211818479537	0	0.07627881815204633
	1	0.6120498191016186	0	0.3879501808983814
	1	0.9379886366621638	0	0.06201136333783613
	1	0.020464396258576024	0	0.9795356037414241
	1	0.9677193803044092	0	0.03228061969559088
	1	0.0028433644665032645	0	0.9971566355334968
	1	0.7529928142254247	0	0.24700718577457534
	1	1.7279935555757303E-5	0	0.9999827200644442
	1	1.5347082617503445E-4	0	0.999846529173825
	1	1.0360804295086152E-5	0	0.9999896391957049
	1	0.9786834773503931	0	0.0213165226496069
	1	4.05391866159453E-4	0	0.9995946081338405
	1	6.738510198507518E-5	0	0.999932614898015
	1	8.479862286374305E-6	0	0.9999915201377136
	1	0.9885597326610001	0	0.011440267338999955
	1	3.1103798578909284E-4	0	0.999688962014211
	1	3.4197796257490144E-4	0	0.9996580220374252
	1	0.002213933585049297	0	0.9977860664149507
	1	7.425279743519763E-5	0	0.9999257472025649
	1	0.9559130208971438	0	0.04408697910285624
	1	7.773073991946144E-5	0	0.9999222692600804
	1	0.017080895192722215	0	0.9829191048072778
	1	1.6487311567462717E-5	0	0.9999835126884324
	1	0.08806680079450876	0	0.9119331992054913
	1	0.003908620840503621	0	0.9960913791594964
	1	1.2053060496202347E-5	0	0.9999879469395039
	1	0.9928354601042096	0	0.007164539895790305
	1	0.024180409995329746	0	0.9758195900046702
	1	2.3672597887018302E-5	0	0.9999763274021131
	1	0.9991847808899962	0	8.152191100037848E-4
	1	6.705337927271875E-4	0	0.9993294662072727
	1	1.7296916536966374E-4	0	0.9998270308346303
	1	0.049315694786214746	0	0.9506843052137853
	1	0.9999871412038698	0	1.2858796130295765E-5
	1	1.0129689339484663E-4	0	0.9998987031066052
	1	1.609734422952398E-5	0	0.9999839026557705
	1	0.9966282186634275	0	0.0033717813365723996
	1	0.034247250185443424	0	0.9657527498145565
	1	0.040857762465710844	0	0.9591422375342893
	1	0.012729886217579643	0	0.9872701137824202
	1	6.027517620691081E-4	0	0.9993972482379309
	1	0.04968483119292874	0	0.9503151688070713
	1	5.850869209364583E-4	0	0.9994149130790636
	1	0.011093225189517126	0	0.9889067748104828
	1	0.8686397729207828	0	0.13136022707921727
	1	6.679532732755683E-4	0	0.9993320467267244
	1	0.9982550543395422	0	0.0017449456604577433
	1	0.15437245926253826	0	0.8456275407374617
	1	0.7685976274344	0	0.2314023725656
	1	0.887270619615676	0	0.11272938038432397
	1	0.807001218824536	0	0.19299878117546393
	1	0.03196993223858326	0	0.9680300677614168
	1	0.991421007364577	0	0.008578992635423166
	1	0.0016493310919282363	0	0.9983506689080718
	1	1.6894105293322673E-5	0	0.9999831058947067
	1	0.008987275667298948	0	0.991012724332701
	1	0.9996255887836457	0	3.7441121635435935E-4
	1	0.0037078204384731347	0	0.9962921795615269
	1	7.368151416514122E-4	0	0.9992631848583485
	1	0.9868997020065012	0	0.013100297993498817
	1	0.9553406626312614	0	0.04465933736873865
	1	0.004419126526252091	0	0.995580873473748
	1	3.2620474595898476E-4	0	0.9996737952540411
	1	0.004408588538852797	0	0.9955914114611472
	1	4.6126838598468036E-5	0	0.9999538731614016
	1	0.16325991353402963	0	0.8367400864659703
	1	2.4717942753198376E-4	0	0.9997528205724681
	1	0.9875685491894919	0	0.012431450810508112
	1	0.03479028856175201	0	0.965209711438248
	1	3.9298914097528575E-5	0	0.9999607010859025
	1	1.705835729265838E-5	0	0.9999829416427073
	1	1.2317911098058666E-5	0	0.999987682088902
	1	0.9970400381739558	0	0.0029599618260441477
	1	4.2130517103927696E-5	0	0.9999578694828961
	1	0.005224273877083716	0	0.9947757261229162
	1	0.9862504456258472	0	0.013749554374152805
	1	1.815163104019137E-5	0	0.9999818483689599
	1	0.001865658885812398	0	0.9981343411141876
	1	1.942108856753725E-5	0	0.9999805789114324
	1	0.02925652378161413	0	0.970743476218386
	1	9.757249835131623E-4	0	0.9990242750164868
	1	0.001355994669596933	0	0.9986440053304031
	1	2.562772762919315E-5	0	0.9999743722723708
	1	0.10554986268260388	0	0.8944501373173961
	1	0.9394328476559085	0	0.060567152344091456
	1	0.9937271344758761	0	0.0062728655241238804
	1	0.08642205280825725	0	0.9135779471917429
	1	4.4420715289382946E-5	0	0.9999555792847107
	1	1.992981990497182E-4	0	0.9998007018009503
	1	0.9979589072554803	0	0.002041092744519759
	1	2.526899053463652E-4	0	0.9997473100946536
	1	0.035922702494838935	0	0.964077297505161
	1	0.0026729142112640078	0	0.9973270857887361
	1	9.672990355721686E-5	0	0.9999032700964428
	1	0.9921144054273872	0	0.007885594572612804
	1	0.9992562099313914	0	7.437900686085913E-4
	1	3.553512754414185E-5	0	0.9999644648724558
	1	4.105445681076147E-5	0	0.9999589455431893
	1	0.010176601360263455	0	0.9898233986397366
	1	0.9874676092714506	0	0.01253239072854926
	1	1.0713287708459529E-4	0	0.9998928671229155
	1	0.9927338266727304	0	0.007266173327269682
	1	0.9928791096117886	0	0.007120890388211284
	1	0.016022302713541922	0	0.9839776972864581
	1	0.9998228238783226	0	1.7717612167743053E-4
	1	0.009425595769448817	0	0.9905744042305511
	1	0.9907759907211144	0	0.009224009278885684
	1	0.017586306343666085	0	0.9824136936563338
	1	1.0128308897442744E-5	0	0.9999898716911026
	1	0.9796318868192515	0	0.020368113180748586
	1	0.9973725602176515	0	0.0026274397823485627
	1	9.399046329855227E-4	0	0.9990600953670146
	1	1.419592778788914E-5	0	0.999985804072212
	1	0.9862776908261727	0	0.01372230917382732
	1	0.22965779560996935	0	0.7703422043900306
	1	0.0010357194243490765	0	0.9989642805756509
	1	6.657483302517052E-4	0	0.9993342516697483
	1	0.04931753486335345	0	0.9506824651366466
	1	1.4195280328700198E-5	0	0.9999858047196712
	1	0.9754416573683704	0	0.02455834263162956
	1	0.9956265383925416	0	0.00437346160745837
	1	0.9871320916167667	0	0.012867908383233331
	1	0.9998933386266496	0	1.0666137335023461E-4
	1	4.3708612640356654E-5	0	0.9999562913873595
	1	0.9809598005175048	0	0.01904019948249514
	1	0.003136269764465566	0	0.9968637302355345
	1	2.1494111439414233E-5	0	0.9999785058885605
	1	1.0820451033851046E-4	0	0.9998917954896615
	1	1.7832221123204004E-5	0	0.9999821677788768
	1	0.0050738388975375675	0	0.9949261611024623
	1	0.9946125358747481	0	0.0053874641252518824
	1	0.9886788951600723	0	0.011321104839927577
	1	0.9752658545191145	0	0.024734145480885584
	1	1.7279935555757303E-5	0	0.9999827200644442
	1	3.2336109741865857E-4	0	0.9996766389025813
	1	0.001520541038111447	0	0.9984794589618886
	1	0.005837753973937961	0	0.9941622460260621
	1	0.042690137849049924	0	0.9573098621509502
	1	0.004098270343421629	0	0.9959017296565785
	1	0.023605439938064916	0	0.976394560061935
	1	0.9711404992969435	0	0.028859500703056585
	1	0.8977049684708686	0	0.10229503152913141
	1	0.9961128394960157	0	0.0038871605039842837
	1	2.3338580839975647E-4	0	0.9997666141916003
	1	0.004834506206649954	0	0.9951654937933502
	1	2.7012337951776364E-5	0	0.9999729876620482
	1	0.9907759907211144	0	0.009224009278885684
	1	0.9982452767509501	0	0.001754723249050052
	1	0.9795710432550634	0	0.020428956744936614
	1	0.9814497109946019	0	0.018550289005398117
	1	0.0036859496293797063	0	0.9963140503706203
	1	1.7259523927029526E-5	0	0.9999827404760729
	1	2.7903330612172852E-5	0	0.9999720966693879
	1	3.4886721207078806E-4	0	0.9996511327879292
	1	1.5179583606891948E-4	0	0.999848204163931
	1	0.01032340305719524	0	0.9896765969428049
	1	5.419374364751459E-5	0	0.9999458062563524
	1	0.07805002599988958	0	0.9219499740001104
	1	0.9927380972814017	0	0.007261902718598134
	1	0.002308167336103235	0	0.9976918326638968
	1	2.7934868928367766E-5	0	0.9999720651310715
	1	3.244925732886252E-4	0	0.9996755074267114
	1	0.0048940235160889285	0	0.995105976483911
	1	5.354273420488163E-4	0	0.9994645726579512
	1	2.6354961185355486E-5	0	0.9999736450388147
	1	1.1882491624368651E-4	0	0.9998811750837563
	1	1.3535205272769497E-4	0	0.9998646479472723
	1	0.9907759907211144	0	0.009224009278885684
	1	0.01017130226834116	0	0.9898286977316588
	1	5.163949452738478E-4	0	0.9994836050547262
	1	5.452018686626721E-4	0	0.9994547981313372
	1	8.328533044150484E-4	0	0.999167146695585
	1	6.817954344335936E-4	0	0.9993182045655664
	1	5.378653621060327E-4	0	0.999462134637894
	1	0.9950698235387949	0	0.004930176461205224
	1	4.2318466421885673E-4	0	0.9995768153357811
	1	0.982307337023895	0	0.017692662976104973
	1	0.003157304976928523	0	0.9968426950230714
	1	0.1919247320280928	0	0.8080752679719072
	1	0.012036030276427748	0	0.9879639697235723
	1	5.915108483856134E-5	0	0.9999408489151614
	1	3.497180050555547E-4	0	0.9996502819949443
	1	9.409376832106979E-5	0	0.999905906231679
	1	9.409376832106979E-5	0	0.999905906231679
	1	6.136622287076439E-4	0	0.9993863377712923
	1	9.673397114491454E-4	0	0.9990326602885508
	1	0.9986811478178877	0	0.001318852182112228
	1	0.04223889875501991	0	0.95776110124498
	1	3.497180050555547E-4	0	0.9996502819949443
	1	9.409376832106979E-5	0	0.999905906231679
	1	9.409376832106979E-5	0	0.999905906231679
	1	0.006550496435459151	0	0.9934495035645409
	1	0.00576346941956033	0	0.9942365305804397
	1	0.995279279377894	0	0.004720720622105989
	1	0.02362704766134658	0	0.9763729523386534
	1	1.744126999362292E-5	0	0.9999825587300063
	1	1.4944190217078945E-5	0	0.9999850558097828
	1	0.9998192158047198	0	1.807841952801676E-4
	1	4.135558698468157E-4	0	0.9995864441301532
	1	1.0544770074833198E-4	0	0.9998945522992517
	1	0.0074627110018968355	0	0.9925372889981032
	1	5.318708847129158E-4	0	0.9994681291152872
	1	3.497180050555547E-4	0	0.9996502819949443
	1	0.0011169542205901742	0	0.9988830457794097
	1	9.409376832106979E-5	0	0.999905906231679
	1	9.409376832106979E-5	0	0.999905906231679
	1	0.0020022835130513207	0	0.9979977164869487
	1	1.196990798696376E-4	0	0.9998803009201304
	1	1.5015182615382778E-4	0	0.9998498481738463
	1	1.4889037416071373E-5	0	0.999985110962584
	1	5.402044481005872E-6	0	0.9999945979555189
	1	3.837350703027411E-6	0	0.999996162649297
	1	0.5088138599986715	0	0.4911861400013286
	1	0.0031297836876131697	0	0.9968702163123868
	1	2.5883676782680075E-5	0	0.9999741163232174
	1	6.899403589625007E-5	0	0.9999310059641037
	1	0.009482172002924177	0	0.9905178279970759
	1	0.025397333718149655	0	0.9746026662818504
	1	3.4934287071644655E-5	0	0.9999650657129284
	1	0.7708093953382952	0	0.22919060466170474
	1	0.0030232386469871667	0	0.9969767613530129
	1	0.004862698422430632	0	0.9951373015775693
	1	0.9887786225859075	0	0.011221377414092362
	1	1.6978194619449638E-5	0	0.9999830218053806
	1	5.275588999978771E-5	0	0.9999472441100002
	1	0.9542488606989297	0	0.04575113930107025
	1	4.172006078217609E-5	0	0.9999582799392177
	1	2.8489967524515663E-4	0	0.9997151003247549
	1	0.08922248947537781	0	0.9107775105246222
	1	0.0524458989402977	0	0.9475541010597023
	1	0.2092672837121701	0	0.7907327162878298
	1	2.8087885137785854E-4	0	0.999719121148622
	1	0.08358118238373086	0	0.9164188176162692
	1	2.1553481145143037E-5	0	0.9999784465188548
	1	0.982391806227128	0	0.01760819377287196
	1	7.140695190192791E-4	0	0.9992859304809808
	1	0.05856801877034701	0	0.9414319812296531
	1	0.013468570512977654	0	0.9865314294870223
	1	0.9995166910331608	0	4.8330896683930914E-4
	1	0.0019086450306906835	0	0.9980913549693093
	1	2.0386320090999668E-4	0	0.9997961367990901
	1	0.9876392856983985	0	0.01236071430160138
	1	2.37044461979498E-4	0	0.9997629555380205
	1	2.1634139738256614E-5	0	0.9999783658602618
	1	0.7911483207972608	0	0.20885167920273917
	1	2.994766890339713E-4	0	0.9997005233109659
	1	0.9746778495198988	0	0.025322150480101252
	1	0.02436485854788146	0	0.9756351414521185
	1	0.9998045015445163	0	1.95498455483775E-4
	1	1.6583484053931435E-4	0	0.9998341651594608
	1	0.9852702864348697	0	0.01472971356513017
	1	0.6529252938163637	0	0.3470747061836364
	1	0.5780317876292111	0	0.4219682123707888
	1	1.5267283480539462E-4	0	0.9998473271651946
	1	0.08411259633524136	0	0.9158874036647586
	1	3.2355003364204773E-4	0	0.9996764499663581
	1	3.598581603529521E-4	0	0.9996401418396471
	1	2.1963821579121975E-6	0	0.9999978036178421
	1	0.005032808868485653	0	0.9949671911315143
	1	1.048704515953675E-5	0	0.9999895129548405
	1	0.7135397657111509	0	0.2864602342888492
	1	0.004342948671606738	0	0.9956570513283933
	1	2.4549982087737717E-5	0	0.9999754500179122
	1	4.505809658828969E-5	0	0.9999549419034118
	1	3.252405457855887E-5	0	0.9999674759454215
	1	0.8896155066981426	0	0.11038449330185739
	1	0.03543445417667416	0	0.9645655458233259
	1	3.134018496753879E-5	0	0.9999686598150325
	1	1.1069403625552604E-5	0	0.9999889305963745
	1	0.0023170315733482432	0	0.9976829684266517
	1	1.6823676851852077E-5	0	0.999983176323148
	1	4.157102428823509E-5	0	0.9999584289757119
	1	1.8893968404732034E-4	0	0.9998110603159527
	1	0.9915112869123544	0	0.008488713087645601
	1	0.003045919851630217	0	0.9969540801483698
	1	1.9740684297434954E-5	0	0.9999802593157026
	1	4.862394144020435E-6	0	0.9999951376058559
	1	1.655624832766078E-4	0	0.9998344375167235
	1	0.0018908535522059887	0	0.9981091464477939
	1	0.9386587069254835	0	0.06134129307451664
	1	0.002532640418466975	0	0.997467359581533
	1	0.9995134131054849	0	4.865868945150073E-4
	1	0.9920909139120903	0	0.007909086087909785
	1	0.8015469986198365	0	0.19845300138016364
	1	0.019977842600614318	0	0.9800221573993857
	1	0.9712766617281315	0	0.02872333827186852
	1	6.83957182840595E-4	0	0.9993160428171594
	1	1.5388336170088688E-4	0	0.9998461166382991
	1	2.075476050795593E-5	0	0.999979245239492
	1	0.006532469291787602	0	0.9934675307082124
	1	6.837400356862133E-4	0	0.9993162599643137
	1	6.392499797228473E-5	0	0.9999360750020276
	1	0.9890563376738267	0	0.010943662326173388
	1	0.001942599962961791	0	0.9980574000370381
	1	0.9947171885695814	0	0.0052828114304186114
	1	2.632810194418205E-4	0	0.9997367189805582
	1	9.043731914925309E-4	0	0.9990956268085075
	1	1.1869943594185608E-4	0	0.9998813005640582
	1	1.3734498582346198E-5	0	0.9999862655014177
	1	0.9922965657368382	0	0.0077034342631617765
	1	0.0012162305017459798	0	0.998783769498254
	1	2.2886436263488995E-5	0	0.9999771135637365
	1	1.744020600774866E-5	0	0.9999825597939923
	1	1.2519184458998085E-4	0	0.99987480815541
	1	0.9982201876413278	0	0.0017798123586721473
	1	0.9986811478178877	0	0.001318852182112228
	1	6.839679815015329E-4	0	0.9993160320184984
	1	0.006642849363542155	0	0.9933571506364578
	1	0.09727670674342395	0	0.902723293256576
	1	0.2482314402556176	0	0.7517685597443824
	1	0.11999653945574923	0	0.8800034605442508
	1	0.0986774429319678	0	0.9013225570680323
	1	0.07759540697704058	0	0.9224045930229595
	1	0.8921755621420606	0	0.1078244378579395
	1	0.9996259625139235	0	3.7403748607654145E-4
	1	2.9675255287271347E-5	0	0.9999703247447127
	1	0.9998040033150055	0	1.9599668499448018E-4
	1	0.9994008889301661	0	5.991110698339245E-4
	1	8.273572871231408E-5	0	0.9999172642712876
	1	1.406778079623915E-5	0	0.9999859322192037
	1	0.012202579903719063	0	0.9877974200962809
	1	7.464048423705866E-4	0	0.9992535951576295
	1	0.9997782973611417	0	2.217026388584013E-4
	1	4.916841326850111E-4	0	0.9995083158673149
	1	0.058536673196470976	0	0.9414633268035292
	1	0.02077626967743162	0	0.9792237303225683
	1	0.01104383452781173	0	0.9889561654721882
	1	0.8856819334243637	0	0.11431806657563633
	1	0.6403109353127155	0	0.35968906468728445
	1	0.0012169883158846587	0	0.9987830116841154
	1	0.6830982247386587	0	0.3169017752613412
	1	0.8726955779730762	0	0.1273044220269237
	1	0.00441489568709751	0	0.9955851043129024
	1	0.9999433117503861	0	5.66882496138106E-5
	1	0.9795484780354358	0	0.020451521964564276
	1	9.305246533614604E-4	0	0.9990694753466386
	1	1.5585421545018507E-5	0	0.999984414578455
	1	3.49050020736035E-4	0	0.9996509499792641
	1	0.006410648418174385	0	0.9935893515818255
	1	0.016616679460434797	0	0.9833833205395652
	1	0.7602280626597994	0	0.23977193734020066
	1	3.933609308858941E-4	0	0.9996066390691142
	1	0.7300315432975301	0	0.26996845670246994
	1	0.08960033192513563	0	0.9103996680748644
	1	0.002367835520726314	0	0.9976321644792736
	1	0.978345851873109	0	0.021654148126890906
	1	3.306841113646396E-5	0	0.9999669315888636
	1	0.9907759907211144	0	0.009224009278885684
	1	0.9951031181115496	0	0.004896881888450427
	1	7.429286052794687E-4	0	0.9992570713947204
	1	0.0070580186733399785	0	0.99294198132666
	1	0.006592819948564999	0	0.9934071800514349
	1	8.085310701536329E-4	0	0.9991914689298463
	1	0.0025784270818674194	0	0.9974215729181325
	1	0.11348958829608688	0	0.8865104117039131
	1	7.451176882567533E-4	0	0.9992548823117433
	1	0.009981962841961723	0	0.9900180371580382
	1	0.9942691676347478	0	0.005730832365252243
	1	0.00812649303160346	0	0.9918735069683966
	1	0.011488732779034089	0	0.9885112672209658
	1	0.9990042982506541	0	9.957017493459166E-4
	1	8.399886925607663E-5	0	0.999916001130744
	1	0.05642092472795323	0	0.9435790752720468
	1	0.0017443649009996301	0	0.9982556350990003
	1	0.005121318199327598	0	0.9948786818006724
	1	6.51952418951334E-4	0	0.9993480475810486
	1	3.274378881059509E-4	0	0.999672562111894
	1	0.0019134405305925748	0	0.9980865594694075
	1	0.9576109519845567	0	0.042389048015443236
	1	9.498931195337183E-6	0	0.9999905010688047
	1	2.0201735923149675E-5	0	0.9999797982640768
	1	0.7320400747356878	0	0.26795992526431234
	1	2.7390082385978783E-5	0	0.999972609917614
	1	0.9944480033755596	0	0.0055519966244403805
	1	0.961891148561961	0	0.03810885143803905
	1	0.0023243499715089365	0	0.9976756500284911
	1	0.9905787121813514	0	0.009421287818648604
	1	6.8236602924981044E-6	0	0.9999931763397075
	1	0.0015409711205319442	0	0.998459028879468
	1	0.9723305630657879	0	0.027669436934212217
	1	1.7244851432952782E-4	0	0.9998275514856705
	1	0.014988771324529108	0	0.985011228675471
	1	0.0016394324328018934	0	0.998360567567198
	1	0.9994178389564145	0	5.821610435854243E-4
	1	0.009752053543005311	0	0.9902479464569948
	1	1.5142007495188687E-5	0	0.9999848579925047
	1	0.9315648015560171	0	0.06843519844398305
	1	0.007202582138348407	0	0.9927974178616517
	1	0.9626584317124435	0	0.0373415682875565
	1	6.969025014564556E-4	0	0.9993030974985436
	1	8.492565022606359E-4	0	0.9991507434977395
	1	0.0863431770948493	0	0.9136568229051507
	1	0.14639309579130524	0	0.8536069042086948
	1	0.11605631426471423	0	0.8839436857352858
	1	0.021580500733069333	0	0.9784194992669306
	1	0.044593747911371426	0	0.9554062520886286
	1	1.272036211701951E-4	0	0.9998727963788299
	1	0.0012467929397055918	0	0.9987532070602944
	1	0.0015156116322167057	0	0.9984843883677833
	1	4.162960040075049E-5	0	0.9999583703995992
	1	1.1262591712762916E-5	0	0.9999887374082872
	1	0.512835392417495	0	0.4871646075825051
	1	0.03944124707361535	0	0.9605587529263847
	1	5.281449488466832E-4	0	0.9994718550511533
	1	0.9866650026952324	0	0.013334997304767594
	1	0.03233758247327324	0	0.9676624175267268
	1	1.704171019563177E-5	0	0.9999829582898043
	1	0.9890563376738267	0	0.010943662326173388
	1	0.0018350844822366548	0	0.9981649155177633
	1	0.9971721379281969	0	0.002827862071803085
	1	3.402130541219378E-4	0	0.9996597869458782
	1	0.013045650274774489	0	0.9869543497252256
	1	2.909252240836827E-4	0	0.9997090747759162
	1	0.006833160645176351	0	0.9931668393548237
	1	0.9977069224752166	0	0.002293077524783325
	1	0.08957543576294867	0	0.9104245642370513
	1	3.5672580619150907E-4	0	0.9996432741938086
	1	0.997384538506015	0	0.00261546149398489
	1	7.04865048320093E-5	0	0.9999295134951679
	1	0.0017338349727439668	0	0.998266165027256
	1	7.994073398831604E-6	0	0.9999920059266012
	1	4.786219739248262E-5	0	0.9999521378026076
	1	0.07866903156158214	0	0.921330968438418
	1	4.479352080197498E-5	0	0.9999552064791981
	1	0.02705359504264718	0	0.9729464049573527
	1	3.853904048773677E-5	0	0.9999614609595123
	1	3.036210878014095E-5	0	0.99996963789122
	1	3.0447694874013694E-4	0	0.9996955230512597
	1	0.008082251342699546	0	0.9919177486573005
	1	9.647005866857887E-6	0	0.9999903529941331
	1	7.9481454619272E-5	0	0.9999205185453807
	1	0.1570133638622021	0	0.842986636137798
	1	0.03200984944413314	0	0.9679901505558668
	1	0.721360244962878	0	0.27863975503712196
	1	0.05070216315120962	0	0.9492978368487903
	1	0.34661302396836063	0	0.6533869760316393
	1	0.9741165813607527	0	0.025883418639247365
	1	0.9992562099313914	0	7.437900686085913E-4
	1	0.9999871412038698	0	1.2858796130295765E-5
	1	7.762238571557894E-5	0	0.9999223776142844
	1	4.689129765816716E-6	0	0.9999953108702343
	1	6.842817769507171E-4	0	0.9993157182230492
	1	0.3686996518199052	0	0.6313003481800948
	1	0.004733192596151845	0	0.9952668074038481
	1	0.09806607232959723	0	0.9019339276704027
	1	0.4348751149506307	0	0.5651248850493693
	1	0.0010321402171638476	0	0.9989678597828362
	1	0.10869492257031302	0	0.8913050774296869
	1	0.00632492450832391	0	0.9936750754916761
	1	0.0031979243494811406	0	0.9968020756505188
	1	0.9277403549693429	0	0.07225964503065704
	1	0.9979795991898222	0	0.002020400810177788
	1	0.019878556615813153	0	0.9801214433841868
	1	0.9774708493310595	0	0.022529150668940432
	1	2.1222665930186127E-4	0	0.999787773340698
	1	0.051340875893405746	0	0.9486591241065944
	1	0.9085505577053381	0	0.09144944229466193
	1	0.08341612600729746	0	0.9165838739927026
	1	0.9922427489357916	0	0.00775725106420851
	1	0.0019328273074037446	0	0.9980671726925963
	1	0.0024246594208340356	0	0.9975753405791659
	1	0.9998085452619211	0	1.9145473807896774E-4
	1	1.411545711065416E-4	0	0.9998588454288936
	1	0.03836148392261434	0	0.9616385160773856
	1	8.057200643129937E-4	0	0.9991942799356871
	1	0.9544800089072061	0	0.04551999109279397
	1	1.8996684083812197E-4	0	0.999810033159162
	1	2.2776212920069274E-4	0	0.9997722378707994
	1	1.062647870408014E-5	0	0.9999893735212959
	1	0.0010104392232478392	0	0.9989895607767522
	1	0.056678263458003524	0	0.9433217365419965
	1	0.9898093220847884	0	0.010190677915211556
	1	0.0038953133952680523	0	0.996104686604732
	1	5.701110821408067E-4	0	0.9994298889178591
	1	9.539033412770433E-6	0	0.9999904609665872
	1	0.9988122242232581	0	0.0011877757767420037
	1	5.739287952256543E-4	0	0.9994260712047744
	1	0.9915112869123544	0	0.008488713087645601
	1	2.5917541141583582E-5	0	0.9999740824588584
	1	0.9998956663390108	0	1.0433366098921366E-4
	1	0.9907759907211144	0	0.009224009278885684
	1	0.0017416149789625413	0	0.9982583850210375
	1	0.0011735180546974284	0	0.9988264819453027
	1	0.9999088395244053	0	9.116047559455705E-5
	1	0.9973926582883167	0	0.002607341711683285
	1	0.821613367414254	0	0.17838663258574594
	1	1.6254450978168235E-5	0	0.9999837455490218
	1	1.683901104598929E-4	0	0.9998316098895402
	1	3.2337514255784285E-4	0	0.9996766248574421
	1	0.00264166925688281	0	0.9973583307431173
	1	1.2268977730834455E-5	0	0.9999877310222692
	1	0.9738003740662425	0	0.026199625933757485
	1	0.999643081962151	0	3.569180378489258E-4
	1	1.277220900549934E-5	0	0.9999872277909946
	1	2.9134258561528907E-5	0	0.9999708657414385
	1	0.004000549643604967	0	0.995999450356395
	1	1.3099191970066196E-5	0	0.9999869008080299
	1	0.009178468222881247	0	0.9908215317771188
	1	1.057685739246832E-5	0	0.9999894231426075
	1	0.0010771641179938556	0	0.9989228358820063
	1	2.703653247226995E-4	0	0.9997296346752773
	1	0.9999088395244053	0	9.116047559455705E-5
	1	0.9306682104571375	0	0.06933178954286237
	1	0.0053480593109733795	0	0.9946519406890266
	1	0.8446026429180212	0	0.1553973570819787
	1	1.2815233055387274E-5	0	0.9999871847669447
	1	0.9994903851266681	0	5.096148733318984E-4
	1	0.13566303746967825	0	0.8643369625303217
	1	0.9989936237204748	0	0.0010063762795250438
	1	0.3244437571989041	0	0.6755562428010958
	1	0.9995642361438118	0	4.357638561881233E-4
	1	1.3034020397486149E-5	0	0.9999869659796026
	1	0.9922172131228384	0	0.007782786877161671
	1	0.213197816862513	0	0.7868021831374871
	1	6.885299888893434E-4	0	0.9993114700111106
	1	0.018139128635126792	0	0.9818608713648732
	1	0.8268595277478826	0	0.1731404722521173
	1	0.0012092318533503874	0	0.9987907681466496
	1	0.011824307404722364	0	0.9881756925952776
	1	0.0014084610388704717	0	0.9985915389611296
	1	0.025446901949744638	0	0.9745530980502554
	1	4.9023819576130915E-5	0	0.9999509761804238
	1	1.4482239599441422E-4	0	0.9998551776040057
	1	1.4291051981071192E-4	0	0.9998570894801894
	1	0.001939071177393185	0	0.9980609288226069
	1	0.9843055650746481	0	0.015694434925351892
	1	3.371955331768552E-5	0	0.9999662804466823
	1	0.9918531321617219	0	0.008146867838278213
	1	0.9992436549116115	0	7.563450883884803E-4
	1	0.9966929719252406	0	0.0033070280747594847
	1	0.0036972365252243957	0	0.9963027634747756
	1	1.2891631382328573E-5	0	0.9999871083686177
	1	0.9974608842830943	0	0.002539115716905582
	1	0.010590482180106246	0	0.9894095178198937
	1	1.599751700782428E-5	0	0.9999840024829922
	1	1.162000476702342E-5	0	0.999988379995233
	1	0.9999049687452027	0	9.503125479722227E-5
	1	0.017681030689368066	0	0.9823189693106319
	1	1.8591664650280226E-5	0	0.9999814083353498
	1	0.9973549555912612	0	0.0026450444087387543
	1	0.002704381515479095	0	0.9972956184845209
	1	0.9460256501485563	0	0.05397434985144377
	1	0.8893709817504434	0	0.11062901824955663
	1	0.07601839136864998	0	0.9239816086313499
	1	8.385904455349398E-4	0	0.9991614095544651
	1	3.715846011675136E-5	0	0.9999628415398832
	1	0.05898639474406665	0	0.9410136052559335
	1	0.9987748363256482	0	0.0012251636743518444
	1	3.157493650460322E-5	0	0.9999684250634954
	1	0.07479238199973018	0	0.9252076180002698
	1	0.08845714979891234	0	0.9115428502010877
	1	0.089997979088007	0	0.910002020911993
	1	0.09815415316809022	0	0.9018458468319097
	1	0.01902373989892903	0	0.980976260101071
	1	0.02557914867405786	0	0.974420851325942
	1	0.022208180571395543	0	0.9777918194286044
	1	0.025596768589673913	0	0.974403231410326
	1	0.4292713220118705	0	0.5707286779881294
	1	0.10709106426596515	0	0.8929089357340347
	1	0.05420978426536957	0	0.9457902157346304
	1	5.279280954014809E-4	0	0.9994720719045985
	1	0.0022184656034808423	0	0.9977815343965191
	1	3.754575363161652E-5	0	0.9999624542463683
	1	1.4579351706075046E-4	0	0.9998542064829393
	1	0.9908364804914459	0	0.00916351950855412
	1	2.062550348708407E-5	0	0.9999793744965129
	1	0.001842545813975603	0	0.9981574541860244
	1	0.9699378484237977	0	0.030062151576202335
	1	0.005479035063414488	0	0.9945209649365855
	1	0.9556575382563879	0	0.04434246174361219
	1	3.746271546661764E-5	0	0.9999625372845334
	1	0.005740284309676171	0	0.9942597156903237
	1	6.841271283463397E-4	0	0.9993158728716538
	1	2.5100306053458757E-5	0	0.9999748996939466
	1	9.278166093604429E-4	0	0.9990721833906396
	1	0.9999614599129574	0	3.8540087042555984E-5
	1	2.6434517104729738E-5	0	0.9999735654828952
	1	0.9201838829911402	0	0.0798161170088597
	1	0.001490746872231386	0	0.9985092531277686
	1	0.9892764039493457	0	0.010723596050654384
	1	4.222472645659629E-5	0	0.9999577752735433
	1	7.399649538675187E-4	0	0.9992600350461325
	1	1.585277106238165E-5	0	0.9999841472289377
	1	0.24579407006122533	0	0.7542059299387747
	1	0.02537679310769342	0	0.9746232068923065
	1	0.12953378419404268	0	0.8704662158059573
	1	0.15355320089668903	0	0.8464467991033109
	1	0.03313549328165327	0	0.9668645067183467
	1	0.18893276556671293	0	0.811067234433287
	1	0.9779551655592118	0	0.022044834440788065
	1	1.1104272956407655E-5	0	0.9999888957270435
	1	6.80212076050894E-4	0	0.999319787923949
	1	0.00443474232626336	0	0.9955652576737367
	1	0.0012112231769765029	0	0.9987887768230236
	1	0.9999631412913407	0	3.685870865938664E-5
	1	0.012792394765372899	0	0.9872076052346271
	1	0.01009236721117963	0	0.9899076327888204
	1	8.893870670298609E-4	0	0.9991106129329701
	1	0.002534189575056754	0	0.9974658104249433
	1	0.9986811478178877	0	0.001318852182112228
	1	8.709750338353844E-6	0	0.9999912902496617
	1	0.002473318645171138	0	0.9975266813548288
	1	0.02074534953985862	0	0.9792546504601414
	1	0.9988382628517893	0	0.001161737148210755
	1	0.9262302069651497	0	0.07376979303485026
	1	0.41627879570178855	0	0.5837212042982114
	1	0.05648505707777641	0	0.9435149429222236
	1	0.9907759907211144	0	0.009224009278885684
	1	0.8815263967429363	0	0.11847360325706366
	1	0.04526630036150034	0	0.9547336996384996
	1	0.7447943804505345	0	0.2552056195494656
	1	0.9994247558940738	0	5.752441059262895E-4
	1	1.4991581811366904E-4	0	0.9998500841818864
	1	0.13648202412377355	0	0.8635179758762264
	1	0.9992581212184158	0	7.418787815841533E-4
	1	0.009566022372933731	0	0.9904339776270662
	1	6.454501633449577E-5	0	0.9999354549836655
	1	0.9907759907211144	0	0.009224009278885684
	1	0.8207306333970493	0	0.17926936660295062
	1	1.9111118679710326E-5	0	0.9999808888813202
	1	4.6738283760613286E-4	0	0.9995326171623938
	1	0.8216055468503085	0	0.17839445314969152
	1	8.873845673907944E-4	0	0.9991126154326093
	1	2.9149055957051352E-5	0	0.9999708509440429
	1	1.6982370696211684E-5	0	0.9999830176293037
	1	2.2603699644984695E-5	0	0.999977396300355
	1	0.006446609712762729	0	0.9935533902872372
	1	0.0018312667178078193	0	0.9981687332821921
	1	3.324503326064484E-5	0	0.9999667549667393
	1	0.0013214041508176869	0	0.9986785958491823
	1	6.474928805129099E-5	0	0.9999352507119487
	1	3.3875224280581847E-4	0	0.9996612477571941
	1	0.9941180563646308	0	0.0058819436353692
	1	0.984462375409396	0	0.015537624590603991
	1	0.019964718509200004	0	0.9800352814908
	1	0.9689270690976155	0	0.03107293090238452
	1	0.9051566387841392	0	0.09484336121586089
	1	0.9883087565947901	0	0.011691243405210034
	1	0.03508018868311297	0	0.964919811316887
	1	4.3936075626051056E-5	0	0.9999560639243739
	1	0.9054765706191821	0	0.09452342938081787
	1	0.023942890984779044	0	0.9760571090152209
	1	0.01665971467167263	0	0.9833402853283274
	1	5.017983432532214E-4	0	0.9994982016567467
	1	5.587368917706413E-4	0	0.9994412631082292
	1	0.0031319197245894778	0	0.9968680802754105
	1	0.0036838060932004348	0	0.9963161939067995
	1	1.5727942441260517E-5	0	0.9999842720575586
	1	0.994166097070034	0	0.005833902929966033
	1	0.2274766148782962	0	0.7725233851217038
	1	0.9830869733567331	0	0.01691302664326677
	1	0.9820037946910384	0	0.017996205308961653
	1	0.9989254687292638	0	0.0010745312707361346
	1	0.007111946971709896	0	0.99288805302829
	1	0.9639783624100593	0	0.03602163758994078
	1	4.24289160787237E-5	0	0.9999575710839212
	1	0.9899469133062203	0	0.010053086693779788
	1	0.9995160914554891	0	4.839085445107622E-4
	1	5.112630483087002E-4	0	0.9994887369516912
	1	0.9899469133062203	0	0.010053086693779788
	1	0.9994247558940738	0	5.752441059262895E-4
	1	2.6628919285481714E-4	0	0.9997337108071452
	1	0.002566054413107215	0	0.9974339455868927
	1	0.001672822834689408	0	0.9983271771653106
	1	8.017099646126578E-4	0	0.9991982900353873
	1	0.06768853640453594	0	0.932311463595464
	1	2.395736946935022E-4	0	0.9997604263053065
	1	9.198056404525986E-4	0	0.9990801943595475
	1	0.9840668237689408	0	0.01593317623105923
	1	2.2420904925421234E-5	0	0.9999775790950746
	1	0.9716020031143974	0	0.028397996885602676
	1	0.9963897547790045	0	0.003610245220995351
	1	0.9993675226167621	0	6.324773832378388E-4
	1	0.006725876302143271	0	0.9932741236978567
	1	2.6574413194023935E-5	0	0.999973425586806
	1	0.9986811478178877	0	0.001318852182112228
	1	0.9998398138238367	0	1.6018617616343802E-4
	1	9.96872001979802E-4	0	0.9990031279980202
	1	0.9997042268644271	0	2.95773135573015E-4
	1	2.31193372156801E-5	0	0.9999768806627843
	1	2.1578001601623751E-4	0	0.9997842199839838
	1	2.3019890954441914E-4	0	0.9997698010904557
	1	0.990733190371361	0	0.009266809628638942
	1	5.029309396117837E-4	0	0.9994970690603883
	1	0.6393456017905612	0	0.3606543982094389
	1	8.826085934967979E-4	0	0.9991173914065031
	1	0.0020770900845182606	0	0.9979229099154816
	1	0.9321681041498621	0	0.06783189585013784
	1	0.9910355646410788	0	0.008964435358921188
	1	0.6958555707430961	0	0.30414442925690377
	1	0.9997748092665137	0	2.2519073348632265E-4
	1	4.6810962729780986E-4	0	0.9995318903727022
	1	9.210375130178536E-4	0	0.9990789624869822
	1	0.9996651183634329	0	3.3488163656727874E-4
	1	0.00841192912241669	0	0.9915880708775833
	1	0.9830869733567331	0	0.01691302664326677
	1	0.998095181139199	0	0.0019048188608009778
	1	0.9943372120088789	0	0.0056627879911210575
	1	1.640177641481414E-5	0	0.9999835982235853
	1	9.210375130178536E-4	0	0.9990789624869822
	1	0.012524810171120185	0	0.9874751898288798
	1	0.9999042024209812	0	9.579757901886198E-5
	1	0.9732341212509291	0	0.026765878749071013
	1	0.017982249310050664	0	0.9820177506899493
	1	0.072973936981488	0	0.927026063018512
	1	0.02841646874296962	0	0.9715835312570303
	1	0.9907264810057256	0	0.009273518994274532
	1	0.9996690168177318	0	3.3098318226821904E-4
	1	0.999754624099264	0	2.4537590073611865E-4
	1	0.07050056130920826	0	0.9294994386907918
	1	1.5085935417664785E-5	0	0.9999849140645822
	1	1.0654352258895616E-5	0	0.999989345647741
	1	0.0015464924658341228	0	0.9984535075341658
	1	4.2151501885310584E-5	0	0.9999578484981146
	1	0.9874676092714506	0	0.01253239072854926
	1	5.763326573872041E-4	0	0.9994236673426127
	1	0.07802585638610637	0	0.9219741436138937
	1	0.008265560811821906	0	0.991734439188178
	1	0.9949047364343848	0	0.005095263565615295
	1	0.004032303750828126	0	0.9959676962491719
	1	0.06867956845510732	0	0.9313204315448926
	1	0.9365049954195056	0	0.06349500458049444
	1	0.03743131910798342	0	0.9625686808920165
	1	1.5605914928309522E-4	0	0.9998439408507169
	1	0.470555117022192	0	0.529444882977808
	1	1.7730056367973177E-5	0	0.9999822699436319
	1	1.2160646388831463E-4	0	0.9998783935361117
	1	0.0067461891195442405	0	0.9932538108804558
	1	0.0010565519334172324	0	0.9989434480665828
	1	0.011501405161250061	0	0.9884985948387499
	1	1.2735378155634942E-4	0	0.9998726462184436
	1	0.0010736841954354106	0	0.9989263158045646
	1	0.0011128524916960878	0	0.9988871475083039
	1	0.0036442395755445045	0	0.9963557604244555
	1	0.9995230399140105	0	4.7696008598942626E-4
	1	1.32236680201687E-5	0	0.9999867763319799
	1	0.9865574067397803	0	0.013442593260219567
	1	0.9964724893054153	0	0.0035275106945846977
	1	0.0070156782184695	0	0.9929843217815305
	1	0.10094684833616478	0	0.8990531516638353
	1	6.066462901270766E-4	0	0.9993933537098729
	1	0.9997484424979003	0	2.515575020997313E-4
	1	0.978713679747857	0	0.021286320252143165
	1	0.004712125262843221	0	0.9952878747371569
	1	0.9666699876180137	0	0.03333001238198628
	1	0.9994879918531222	0	5.120081468777825E-4
	1	0.5107636124594657	0	0.48923638754053433
	1	0.20858583214081552	0	0.7914141678591845
	1	0.9868609434658561	0	0.013139056534143967
	1	0.006429517503304005	0	0.9935704824966961
	1	0.9955509910054319	0	0.004449008994568089
	1	0.023490989105428274	0	0.9765090108945718
	1	0.026749097372992397	0	0.9732509026270076
	1	0.9999088395244053	0	9.116047559455705E-5
	1	0.011955792277624073	0	0.9880442077223759
	1	0.002636514361057868	0	0.9973634856389421
	1	0.9545396402648345	0	0.04546035973516539
	1	0.004608279473272693	0	0.9953917205267273
	1	0.9996651183634329	0	3.3488163656727874E-4
	1	0.0029642833729690865	0	0.9970357166270309
	1	0.004702257341299452	0	0.9952977426587005
	1	0.6339588619435611	0	0.36604113805643895
	1	0.01686799723945781	0	0.9831320027605422
	1	4.6873683857190374E-4	0	0.999531263161428
	1	0.9378857092535926	0	0.062114290746407286
	1	7.403443882218746E-4	0	0.9992596556117781
	1	2.5198385595825437E-4	0	0.9997480161440419
	1	9.619302107312708E-5	0	0.9999038069789269
	1	0.03858549757077794	0	0.9614145024292221
	1	0.9983199880877742	0	0.0016800119122258304
	1	1.963846313949803E-5	0	0.9999803615368605
	1	2.091709428976293E-4	0	0.9997908290571023
	1	0.014125493183919246	0	0.9858745068160808
	1	0.0027717550650593224	0	0.9972282449349407
	1	0.011811751781916792	0	0.9881882482180832
	1	0.9937528122449636	0	0.006247187755036476
	1	0.049637197092480996	0	0.950362802907519
	1	0.6598095742568133	0	0.34019042574318675
	1	3.0497238014669785E-4	0	0.9996950276198533
	1	0.03386216381020319	0	0.9661378361897969
	1	0.021600413939196525	0	0.9783995860608034
	1	0.9698952724880833	0	0.03010472751191685
	1	2.065167177739867E-4	0	0.999793483282226
	1	0.0013400123457760838	0	0.9986599876542239
	1	8.336852731096307E-6	0	0.999991663147269
	1	0.011240963597351421	0	0.9887590364026485
	1	0.6505104477996941	0	0.3494895522003058
	1	0.0026818203321592082	0	0.9973181796678409
	1	0.0010848402757334997	0	0.9989151597242666
	1	0.9955481976582239	0	0.004451802341776055
	1	0.0031187655238609914	0	0.9968812344761391
	1	0.0029616353595946963	0	0.9970383646404054
	1	0.9601840079771257	0	0.03981599202287427
	1	0.004740947969483213	0	0.9952590520305167
	1	0.999961617548499	0	3.838245150110192E-5
	1	0.9755051570102704	0	0.02449484298972949
	1	1.0665184315724975E-5	0	0.9999893348156842
	1	0.001483611335339798	0	0.9985163886646601
	1	3.273809749246517E-5	0	0.9999672619025074
	1	0.8592151570581507	0	0.1407848429418494
	1	0.9995458479514985	0	4.541520485013875E-4
	1	0.03981066856270076	0	0.9601893314372991
	1	0.02558551478312731	0	0.9744144852168728
	1	0.9369787538999923	0	0.06302124610000769
	1	0.9898082023700239	0	0.010191797629976207
	1	0.9898522874020544	0	0.010147712597945526
	1	2.3236824627264883E-4	0	0.9997676317537274
	1	0.06131975310581634	0	0.9386802468941836
	1	0.0035589317108641228	0	0.9964410682891359
	1	0.6531729233155842	0	0.34682707668441587
	1	0.00305014106723126	0	0.9969498589327688
	1	7.570364953623631E-4	0	0.9992429635046377
	1	0.013230772743786373	0	0.9867692272562136
	1	0.977165191627235	0	0.02283480837276501
	1	0.9989418284290519	0	0.0010581715709480658
	1	6.82490618504469E-4	0	0.9993175093814954
	1	6.304351515720602E-4	0	0.9993695648484279
	1	0.05200418579570048	0	0.9479958142042996
	1	0.0038570623163858967	0	0.9961429376836142
	1	2.2310927772598132E-5	0	0.9999776890722273
	1	0.007658452882028869	0	0.9923415471179711
	1	0.008669623567536377	0	0.9913303764324636
	1	2.983702062300445E-5	0	0.999970162979377
	1	0.0010503920972713904	0	0.9989496079027287
	1	0.986759980033996	0	0.013240019966004027
	1	0.004745185138843557	0	0.9952548148611565
	1	0.009853529814467268	0	0.9901464701855328
	1	1.752584369234138E-5	0	0.9999824741563078
	1	0.0012108210969912425	0	0.9987891789030088
	1	0.002881688215197884	0	0.997118311784802
	1	0.9813809450861615	0	0.018619054913838428
	1	0.9392540850347008	0	0.06074591496529923
	1	0.9964564929132783	0	0.003543507086721679
	1	0.0013845702991160584	0	0.998615429700884
	1	0.8520168906189484	0	0.14798310938105164
	1	5.883421303689034E-5	0	0.999941165786963
	1	3.654190177342732E-5	0	0.9999634580982266
	1	0.8969502835236216	0	0.10304971647637841
	1	0.9993342884008686	0	6.657115991314981E-4
	1	0.151018216807677	0	0.8489817831923231
	1	0.0016180690692300327	0	0.99838193093077
	1	9.935352227666103E-4	0	0.9990064647772333
	1	0.015950061888286928	0	0.9840499381117132
	1	1.7382607728049248E-5	0	0.9999826173922719
	1	0.9982731165222355	0	0.00172688347776447
	1	0.04516573403682686	0	0.9548342659631732
	1	0.0013587767510806058	0	0.9986412232489194
	1	2.2346483188213096E-4	0	0.9997765351681178
	1	0.9998783459884468	0	1.2165401155316778E-4
	1	0.41926791500909655	0	0.5807320849909035
	1	0.9822053245733341	0	0.017794675426665855
	1	2.0614144189381632E-5	0	0.9999793858558107
	1	6.314409795581186E-4	0	0.999368559020442
	1	0.8701718104377859	0	0.1298281895622141
	1	0.9677193803044092	0	0.03228061969559088
	1	0.0014962610048466732	0	0.9985037389951533
	1	0.9070634740329765	0	0.09293652596702347
	1	0.07793893415810153	0	0.9220610658418985
	1	0.9626467687881328	0	0.03735323121186714
	1	0.0025149546294444994	0	0.9974850453705555
	1	0.9756144003649312	0	0.024385599635068946
	1	0.06061219592361065	0	0.9393878040763893
	1	0.967651225366344	0	0.03234877463365603
	1	0.9876182230017738	0	0.012381776998226108
	1	0.997965092999448	0	0.0020349070005519156
	1	8.139169548069483E-4	0	0.9991860830451932
	1	0.9797911396493061	0	0.02020886035069384
	1	2.142043956295142E-4	0	0.9997857956043704
	1	4.601866418006092E-4	0	0.9995398133581993
	1	0.9998377966535582	0	1.6220334644183679E-4
	1	0.9990350996361206	0	9.64900363879268E-4
	1	0.0016587183012103741	0	0.9983412816987896
	1	0.0034667044624803263	0	0.9965332955375197
	1	0.8030784000243194	0	0.1969215999756806
	1	0.9987512715701754	0	0.0012487284298246426
	1	0.7910595067825148	0	0.20894049321748506
	1	0.9876392856983985	0	0.01236071430160138
	1	0.8866238561149575	0	0.11337614388504248
	1	0.005935733608328121	0	0.9940642663916719
	1	0.009274177427281857	0	0.9907258225727182
	1	0.9762305494529897	0	0.023769450547010327
	1	0.9923684950289902	0	0.0076315049710098965
	1	0.010149196086249115	0	0.9898508039137509
	1	0.9776926541684312	0	0.022307345831568768
	1	0.9995743058479284	0	4.2569415207155734E-4
	1	8.28611032282825E-5	0	0.9999171388967716
	1	1.7342829857199E-5	0	0.9999826571701429
	1	0.9996565932095332	0	3.4340679046680734E-4
	1	0.9799331241489161	0	0.020066875851084017
	1	0.7735987378815626	0	0.22640126211843747
	1	0.7746727494817172	0	0.22532725051828287
	1	0.0016134782407899498	0	0.99838652175921
	1	0.011941314655347252	0	0.9880586853446528
	1	0.5273852961043833	0	0.4726147038956166
	1	0.0021192564017290107	0	0.9978807435982711
	1	1.6710510906087868E-4	0	0.9998328948909391
	1	0.995307023464204	0	0.004692976535796085
	1	0.9587166328669622	0	0.04128336713303779
	1	0.02275644243288311	0	0.9772435575671169
	1	0.9580522843044466	0	0.04194771569555349
	1	0.9994247558940738	0	5.752441059262895E-4
	1	0.0014004657955901244	0	0.9985995342044099
	1	5.0124077146161526E-5	0	0.9999498759228538
	1	0.9986600248762653	0	0.0013399751237346707
	1	0.004119820353812155	0	0.9958801796461879
	1	0.9994924140470575	0	5.075859529424828E-4
	1	1.382884544784926E-4	0	0.9998617115455215
	1	0.9796458319957677	0	0.020354168004232336
	1	0.0013531830325008859	0	0.998646816967499
	1	0.9973549555912612	0	0.0026450444087387543
	1	0.9934532658390975	0	0.006546734160902523
	1	0.9677418541090256	0	0.03225814589097451
	1	0.9649780416842629	0	0.035021958315737116
	1	2.8574950755542557E-5	0	0.9999714250492445
	1	0.007846983440801003	0	0.9921530165591991
	1	0.9735242887461789	0	0.026475711253821026
	1	0.9671925264448357	0	0.03280747355516432
	1	1.3780563659576582E-5	0	0.9999862194363405
	1	0.975678572979344	0	0.02432142702065592
	1	0.9471477885521924	0	0.0528522114478075
	1	0.01745449627296725	0	0.9825455037270328
	1	6.705337927271875E-4	0	0.9993294662072727
	1	3.1488183265710606E-4	0	0.9996851181673428
	1	0.0011465337959681039	0	0.9988534662040319
	1	0.08186474873923708	0	0.918135251260763
	1	0.9726807491744608	0	0.027319250825539293
	1	0.9741252722469054	0	0.0258747277530946
	1	0.9651787586692526	0	0.03482124133074746
	1	3.7524199707079726E-5	0	0.9999624758002928
	1	0.003493090932286904	0	0.996506909067713
	1	0.9986359959768618	0	0.0013640040231381893
	1	0.014730269327926697	0	0.9852697306720734
	1	0.9988826069223122	0	0.001117393077687711
	1	0.05512932892575684	0	0.9448706710742432
	1	9.191882449504726E-4	0	0.9990808117550496
	1	0.00814803913843341	0	0.9918519608615665
	1	0.0053732484245969546	0	0.994626751575403
	1	0.003334799960218806	0	0.9966652000397812
	1	0.9948302715353896	0	0.00516972846461046
	1	2.3709459533856012E-5	0	0.9999762905404662
	1	2.3561582024451638E-5	0	0.9999764384179757
	1	0.010617661190347965	0	0.989382338809652
	1	1.1127248043785541E-4	0	0.9998887275195621
	1	5.878199258674973E-5	0	0.9999412180074133
	1	1.298445507951266E-4	0	0.9998701554492048
	1	0.00851040294178176	0	0.9914895970582182
	1	0.0016949006430911938	0	0.9983050993569087
	1	1.298445507951266E-4	0	0.9998701554492048
	1	6.156404091575041E-5	0	0.9999384359590842
	1	1.8804239527630855E-5	0	0.9999811957604723
	1	0.9999053458648861	0	9.465413511384349E-5
	1	0.8064490192836092	0	0.19355098071639074
	1	0.0019436401982564728	0	0.9980563598017436
	1	0.9105942650421402	0	0.08940573495785967
	1	0.9986811478178877	0	0.001318852182112228
	1	3.8704216955300466E-5	0	0.9999612957830447
	1	0.007426292871377081	0	0.9925737071286228
	1	9.724478236825004E-6	0	0.9999902755217631
	1	8.67269758448389E-4	0	0.9991327302415516
	1	0.984365070289843	0	0.015634929710156953
	1	0.0025019425415014375	0	0.9974980574584986
	1	6.367973195312212E-4	0	0.9993632026804689
	1	6.610564331552461E-4	0	0.9993389435668448
	1	0.9999088395244053	0	9.116047559455705E-5
	1	0.984365070289843	0	0.015634929710156953
	1	2.538132010654796E-5	0	0.9999746186798935
	1	0.9994247558940738	0	5.752441059262895E-4
	1	0.011391929034958942	0	0.988608070965041
	1	0.002742329425561825	0	0.9972576705744383
	1	4.346312484752423E-4	0	0.9995653687515247
	1	9.397793051100024E-4	0	0.9990602206948899
	1	0.5427770715013093	0	0.45722292849869073
	1	0.9997009232763712	0	2.9907672362871956E-4
	1	0.972652962874798	0	0.02734703712520212
	1	5.239211747433308E-4	0	0.9994760788252566
	1	0.9615418414390956	0	0.03845815856090454
	1	2.8632145602335374E-5	0	0.9999713678543977
	1	0.984365070289843	0	0.015634929710156953
	1	6.210869366158428E-5	0	0.9999378913063384
	1	0.0019724983733433953	0	0.9980275016266565
	1	3.81729646651425E-5	0	0.9999618270353349
	1	1.5695781882747303E-5	0	0.9999843042181172
	1	1.5817080058472865E-4	0	0.9998418291994152
	1	0.37141866685224256	0	0.6285813331477574
	1	0.00966494626814376	0	0.9903350537318563
	1	0.015308824038253968	0	0.9846911759617459
	1	1.0776774024392532E-5	0	0.9999892232259756
	1	4.775533898750503E-6	0	0.9999952244661013
	1	0.9794730519384675	0	0.020526948061532563
	1	0.9998968522459449	0	1.0314775405500827E-4
	1	2.876608985645281E-5	0	0.9999712339101435
	1	0.937741000226192	0	0.06225899977380797
	1	0.003162724229755901	0	0.9968372757702441
	1	0.9986811478178877	0	0.001318852182112228
	1	1.846349152439576E-5	0	0.9999815365084757
	1	0.8362547367844616	0	0.16374526321553842
	1	1.9601909695963324E-5	0	0.9999803980903041
	1	2.591175999652103E-4	0	0.9997408824000347
	1	1.8346136128226364E-5	0	0.9999816538638718
	1	1.3884504726419128E-5	0	0.9999861154952735
	1	0.9959324716914731	0	0.004067528308526742
	1	3.7551032217534637E-5	0	0.9999624489677824
	1	5.058187015860463E-5	0	0.9999494181298414
	1	3.563419437139459E-5	0	0.9999643658056286
	1	1.2513184695419133E-4	0	0.9998748681530458
	1	1.1821628602301734E-4	0	0.999881783713977
	1	0.9810723550293695	0	0.018927644970630455
	1	2.4940922406357345E-5	0	0.9999750590775937
	1	1.482429255102501E-4	0	0.9998517570744897
	1	0.08634921609457086	0	0.9136507839054292
	1	0.08634921609457086	0	0.9136507839054292
	1	4.938135266679092E-4	0	0.9995061864733321
	1	0.004166103319638544	0	0.9958338966803615
	1	0.0028202528916085805	0	0.9971797471083914
	1	0.0038956695666834485	0	0.9961043304333165
	1	0.0010183848156715802	0	0.9989816151843284
	1	0.9907951919079901	0	0.00920480809200981
	1	0.005718106175582697	0	0.9942818938244172
	1	0.013311626322405571	0	0.9866883736775945
	1	0.9693177029428579	0	0.030682297057142198
	1	0.001167668623613249	0	0.9988323313763868
	1	1.1364122897417376E-5	0	0.9999886358771027
	1	0.0058563734026590595	0	0.9941436265973409
	1	5.354273420488163E-4	0	0.9994645726579512
	1	1.6947409657442106E-5	0	0.9999830525903426
	1	1.4047230548631492E-5	0	0.9999859527694515
	1	0.09034131298545613	0	0.9096586870145439
	1	0.0011529772592899351	0	0.99884702274071
	1	7.934313018593254E-6	0	0.9999920656869814
	1	1.418594192951983E-5	0	0.9999858140580705
	1	0.03991667277495902	0	0.9600833272250409
	1	2.6361080639498465E-4	0	0.9997363891936051
	1	0.99798387763466	0	0.002016122365340028
	1	0.06055219168482397	0	0.9394478083151762
	1	2.124061406479041E-4	0	0.9997875938593521
	1	0.024836455432420728	0	0.9751635445675793
	1	0.9999712438080409	0	2.8756191959234014E-5
	1	0.9997021704964953	0	2.9782950350459565E-4
	1	0.9826517981567664	0	0.01734820184323367
	1	0.0011637159658359362	0	0.998836284034164
	1	1.742183213259947E-4	0	0.9998257816786741
	1	6.56236013739866E-4	0	0.9993437639862602
	1	3.334516286426287E-5	0	0.9999666548371358
	1	2.253918669538816E-4	0	0.9997746081330461
	1	1.5195355364152865E-4	0	0.9998480464463585
	1	0.9998974073069183	0	1.0259269308158385E-4
	1	0.8446026429180212	0	0.1553973570819787
	1	0.9989350981153973	0	0.0010649018846026373
	1	1.1043226022903299E-5	0	0.999988956773977
	1	0.06650844190871384	0	0.9334915580912863
	1	3.755533300489394E-4	0	0.9996244466699511
	1	0.9916689408083071	0	0.00833105919169296
	1	2.0366139912441386E-4	0	0.9997963386008756
	1	0.977165191627235	0	0.02283480837276501
	1	0.9957788822982484	0	0.004221117701751583
	1	0.006115831040063077	0	0.9938841689599369
	1	0.03160406520367267	0	0.9683959347963272
	1	0.9999037381151583	0	9.626188484163599E-5
	1	3.0017399870014053E-4	0	0.9996998260012998
	1	1.3959361002970628E-4	0	0.9998604063899703
	1	0.964964396187117	0	0.03503560381288293
	1	0.04247097076770899	0	0.9575290292322911
	1	0.9959706844546875	0	0.0040293155453124075
	1	0.0019318421189776218	0	0.9980681578810224
	1	0.004272235603192224	0	0.9957277643968079
	1	0.3995000056755681	0	0.6004999943244319
	1	1.71656363569454E-5	0	0.9999828343636431
	1	3.1266395993460565E-5	0	0.9999687336040065
	1	0.4966017821276272	0	0.5033982178723728
	1	0.004772570251406236	0	0.9952274297485938
	1	0.8278561011781225	0	0.1721438988218775
	1	0.9999616065901521	0	3.839340984780544E-5
	1	0.033644500210072016	0	0.9663554997899281
	1	0.007050080778205067	0	0.992949919221795
	1	1.4557417999041128E-5	0	0.9999854425820008
	1	0.027089844919559576	0	0.9729101550804404
	1	0.14035282646789898	0	0.8596471735321011
	1	0.6546918203237261	0	0.34530817967627386
	1	1.0160614575163627E-5	0	0.9999898393854249
	1	0.9696604112072051	0	0.030339588792794813
	1	0.99949172616408	0	5.082738359199536E-4
	1	0.003479512135140004	0	0.99652048786486
	1	0.002052956093938412	0	0.9979470439060616
	1	2.829956699611655E-5	0	0.9999717004330039
	1	0.9651787586692526	0	0.03482124133074746
	1	0.44391554537631756	0	0.5560844546236824
	1	1.1298890613435007E-4	0	0.9998870110938658
	1	0.005887036899806031	0	0.9941129631001939
	1	0.9978049023198867	0	0.0021950976801133767
	1	5.307139349693758E-4	0	0.9994692860650307
	1	1.0070404230585601E-5	0	0.9999899295957694
	1	0.00146262160317463	0	0.9985373783968252
	1	0.0011228095324355833	0	0.9988771904675644
	1	0.0056419990028079466	0	0.9943580009971921
	1	0.9907264810057256	0	0.009273518994274532
	1	0.9949298591337014	0	0.0050701408662986525
	1	0.9639783624100593	0	0.03602163758994078
	1	0.984365070289843	0	0.015634929710156953
	1	0.9662326172436689	0	0.03376738275633115
	1	0.965951158644123	0	0.03404884135587701
	1	0.9218407548538873	0	0.07815924514611278
	1	0.003695366092020711	0	0.9963046339079792
	1	0.8701431057567521	0	0.12985689424324784
	1	0.9788631422136015	0	0.021136857786398584
	1	0.1429421655787428	0	0.8570578344212573
	1	0.028761846888394067	0	0.9712381531116059
	1	0.0023707791285924864	0	0.9976292208714076
	1	1.8381367424937645E-4	0	0.9998161863257508
	1	0.863434123687619	0	0.136565876312381
	1	0.0015088242990507295	0	0.9984911757009491
	1	0.9998420735023121	0	1.5792649768782996E-4
	1	2.2634366080042237E-5	0	0.9999773656339198
	1	0.00276428259049505	0	0.997235717409505
	1	0.9927064671532582	0	0.007293532846741843
	1	0.00887866533570732	0	0.9911213346642928
	1	0.0012541690171778222	0	0.9987458309828221
	1	0.5931224435355376	0	0.4068775564644624
	1	0.9803668640972849	0	0.019633135902715163
	1	6.855397028629866E-5	0	0.9999314460297137
	1	0.9793184921652268	0	0.02068150783477318
	1	1.4549067521927504E-4	0	0.9998545093247807
	1	0.9968428861981654	0	0.0031571138018346694
	1	0.007767410488152456	0	0.9922325895118476
	1	0.0018230568056376128	0	0.9981769431943625
	1	1.2233138403842794E-5	0	0.9999877668615961
	1	0.9807036123088392	0	0.019296387691160866
	1	0.9725152498712676	0	0.027484750128732444
	1	0.9841371916207776	0	0.015862808379222423
	1	7.504563782951815E-6	0	0.9999924954362172
	1	0.001189517762847686	0	0.9988104822371523
	1	2.1450566470519594E-5	0	0.9999785494335295
	1	3.473640630482113E-5	0	0.9999652635936953
	1	5.918127860931601E-4	0	0.9994081872139068
	1	0.0010692238999079318	0	0.9989307761000921
	1	1.720718732237177E-4	0	0.9998279281267762
	1	0.001053612762464616	0	0.9989463872375354
	1	4.2508748994502874E-5	0	0.9999574912510055
	1	0.001184466612533504	0	0.9988155333874664
	1	0.0023743834045167164	0	0.9976256165954832
	1	0.0011684937743595377	0	0.9988315062256405
	1	0.9926554320616953	0	0.007344567938304609
	1	3.766196203383488E-5	0	0.9999623380379662
	1	0.9907759907211144	0	0.009224009278885684
	1	0.0029942373431543845	0	0.9970057626568455
	1	0.9995865016268521	0	4.134983731479749E-4
	1	0.9964882523136047	0	0.0035117476863952475
	1	0.12639992905412809	0	0.8736000709458719
	1	4.070266007144256E-4	0	0.9995929733992854
	1	2.964648219639916E-5	0	0.9999703535178036
	1	8.310650423626029E-5	0	0.9999168934957637
	1	0.0017305688840415039	0	0.9982694311159584
	1	3.307290425014874E-5	0	0.9999669270957497
	1	3.39891746213307E-4	0	0.9996601082537867
	1	1.2500193737858197E-4	0	0.9998749980626214
	1	5.085851262273701E-4	0	0.9994914148737727
	1	1.1843897780885092E-4	0	0.9998815610221911
	1	1.5273926666205378E-4	0	0.999847260733338
	1	3.655226248667454E-4	0	0.9996344773751333
	1	0.0022485034496565167	0	0.9977514965503436
	1	4.4618771177868436E-5	0	0.9999553812288221
	1	4.359317530690206E-5	0	0.9999564068246931
	1	0.004342791481324375	0	0.9956572085186757
	1	0.002338881733871028	0	0.997661118266129
	1	8.376673472333013E-5	0	0.9999162332652767
	1	1.1648963545494446E-5	0	0.9999883510364544
	1	5.1650911134871864E-5	0	0.9999483490888651
	1	1.5179583606891948E-4	0	0.999848204163931
	1	4.94963291024084E-4	0	0.999505036708976
	1	2.865420202920313E-4	0	0.9997134579797079
	1	1.5291562547364248E-5	0	0.9999847084374526
	1	0.9992436549116115	0	7.563450883884803E-4
	1	0.9105446369238249	0	0.08945536307617512
	1	0.0014324777778585694	0	0.9985675222221413
	1	0.9994363222688314	0	5.636777311685596E-4
	1	0.005240788128984098	0	0.9947592118710158
	1	2.0968359063245692E-5	0	0.9999790316409368
	1	7.926011401926564E-6	0	0.9999920739885981
	1	3.031564786884176E-4	0	0.9996968435213116
	1	1.3493995195858893E-4	0	0.9998650600480414
	1	4.094279703228246E-5	0	0.9999590572029677
	1	1.615539036084268E-4	0	0.9998384460963915
	1	9.081028701765126E-4	0	0.9990918971298236
	1	0.0010429397278996404	0	0.9989570602721004
	1	6.41314027790457E-5	0	0.999935868597221
	1	0.018921159181317718	0	0.9810788408186822
	1	0.009382754036369309	0	0.9906172459636307
	1	7.161740715330422E-5	0	0.9999283825928468
	1	1.231977523905106E-4	0	0.9998768022476094
	1	1.435380738269536E-4	0	0.999856461926173
	1	9.777296210556582E-4	0	0.9990222703789444
	1	0.027194130394466415	0	0.9728058696055336
	1	1.1651107700651311E-4	0	0.9998834889229935
	1	6.123591524878387E-5	0	0.9999387640847512
	1	4.755795822371466E-4	0	0.9995244204177628
	1	0.7761816535175777	0	0.22381834648242235
	1	0.0017853014417295652	0	0.9982146985582705
	1	9.856898824799297E-4	0	0.9990143101175202
	1	0.001158222705157614	0	0.9988417772948425
	1	0.003445352494604886	0	0.996554647505395
	1	0.9899469133062203	0	0.010053086693779788
	1	0.05163573200232087	0	0.9483642679976791
	1	5.476373214787989E-4	0	0.9994523626785213
	1	0.9945659596840231	0	0.005434040315976926
	1	1.8486242606045617E-5	0	0.999981513757394
	1	2.9702548504389364E-4	0	0.999702974514956
	1	2.2216731141252243E-5	0	0.9999777832688588
	1	0.9946591212364546	0	0.005340878763545426
	1	1.586842279721672E-5	0	0.9999841315772027
	1	0.0037884399073625278	0	0.9962115600926376
	1	0.9810148490007342	0	0.01898515099926578
	1	7.534371654195325E-4	0	0.9992465628345806
	1	0.9985934526117034	0	0.0014065473882967148
	1	0.9994702748330122	0	5.297251669878468E-4
	1	0.0034514132892848144	0	0.9965485867107153
	1	5.442138447236103E-4	0	0.9994557861552764
	1	1.815351822553496E-5	0	0.9999818464817745
	1	2.6826072290765388E-5	0	0.9999731739277091
	1	0.010551196946712216	0	0.9894488030532876
	1	0.9930945074068478	0	0.006905492593152119
	1	0.0012513692220853466	0	0.9987486307779145
	1	0.9986823630016456	0	0.001317636998354566
	1	1.3826078196726109E-5	0	0.9999861739218032
	1	0.6722983521761254	0	0.32770164782387445
	1	1.297721777862561E-5	0	0.9999870227822214
	1	0.9994870209183744	0	5.129790816256043E-4
	1	4.060018246075257E-4	0	0.9995939981753924
	1	2.4747145080434047E-5	0	0.9999752528549195
	1	1.5187608334607815E-4	0	0.9998481239166539
	1	0.004764580033964504	0	0.9952354199660356
	1	2.0914428438295465E-5	0	0.9999790855715617
	1	3.689840128626374E-4	0	0.9996310159871374
	1	2.4747145080434047E-5	0	0.9999752528549195
	1	9.57824402972515E-4	0	0.9990421755970275
	1	6.374490364941139E-4	0	0.9993625509635059
	1	5.964667464571392E-5	0	0.9999403533253542
	1	1.281448758015143E-5	0	0.9999871855124199
	1	0.7634410835953772	0	0.23655891640462282
	1	2.912633636189796E-5	0	0.999970873663638
	1	0.03281322269947297	0	0.967186777300527
	1	9.279222159113404E-4	0	0.9990720777840886
	1	5.489285469099385E-5	0	0.9999451071453089
	1	1.570616735697734E-5	0	0.9999842938326431
	1	0.003217707121054776	0	0.9967822928789453
	1	0.9094467526444305	0	0.09055324735556955
	1	5.4541602664905785E-5	0	0.9999454583973351
	1	0.012217840164106436	0	0.9877821598358936
	1	1.1463345140821224E-5	0	0.9999885366548591
	1	1.8989131982330676E-4	0	0.9998101086801767
	1	2.469710181435263E-5	0	0.9999753028981857
	1	0.9983731836751759	0	0.0016268163248241256
	1	2.0855132970212202E-5	0	0.9999791448670299
	1	0.998648786200813	0	0.0013512137991869692
	1	0.9923684950289902	0	0.0076315049710098965
	1	0.0016294737555774365	0	0.9983705262444226
	1	0.0015463880754106216	0	0.9984536119245893
	1	5.925054868798268E-4	0	0.9994074945131202
	1	0.9504312465965195	0	0.04956875340348055
	1	0.999764969065443	0	2.3503093455706512E-4
	1	3.647461199182978E-5	0	0.9999635253880083
	1	2.549753694714555E-5	0	0.9999745024630528
	1	0.9434351769713044	0	0.05656482302869558
	1	0.9785089544191856	0	0.021491045580814338
	1	2.308499817316742E-4	0	0.9997691500182683
	1	4.1874147993126523E-4	0	0.9995812585200687
	1	0.02271527807569426	0	0.9772847219243058
	1	0.9955509910054319	0	0.004449008994568089
	1	0.9973550260078078	0	0.002644973992192372
	1	0.9812428370362375	0	0.018757162963762387
	1	0.0016456050697999662	0	0.9983543949302001
	1	4.045485701557744E-5	0	0.9999595451429844
	1	0.00792942365156264	0	0.9920705763484374
	1	0.9714031130252707	0	0.02859688697472916
	1	2.47371573430479E-5	0	0.9999752628426568
	1	0.9998958112534786	0	1.0418874652145728E-4
	1	4.304469920687213E-4	0	0.9995695530079312
	1	0.0013674261859479358	0	0.998632573814052
	1	7.740844765015672E-5	0	0.9999225915523499
	1	0.005828197932007426	0	0.9941718020679926
	1	1.9803501625445944E-5	0	0.9999801964983744
	1	1.4978802034658342E-4	0	0.9998502119796533
	1	0.9999443440164395	0	5.565598356049517E-5
	1	3.4673720888012436E-5	0	0.999965326279112
	1	5.2621621787179616E-5	0	0.9999473783782128
	1	0.9789529366831392	0	0.021047063316860837
	1	0.005112806680336303	0	0.9948871933196636
	1	0.003747755457314102	0	0.996252244542686
	1	1.8419053140924835E-4	0	0.9998158094685908
	1	1.865163810959773E-4	0	0.999813483618904
	1	0.9870995596306017	0	0.012900440369398317
	1	0.00408191162811399	0	0.9959180883718861
	1	0.0011169542205901742	0	0.9988830457794097
	1	4.2438151000458087E-4	0	0.9995756184899954
	1	4.313898978421307E-4	0	0.9995686101021578
	1	3.453408299517687E-5	0	0.9999654659170049
	1	0.015323064533612861	0	0.9846769354663871
	1	0.0010028888277837	0	0.9989971111722162
	1	1.3328807294489284E-4	0	0.9998667119270551
	1	0.8688323362669577	0	0.1311676637330423
	1	2.1450566470519594E-5	0	0.9999785494335295
	1	0.9605941468957914	0	0.03940585310420855
	1	0.07783064298606245	0	0.9221693570139375
	1	0.003047977503781158	0	0.9969520224962188
	1	3.1230514892660686E-4	0	0.9996876948510733
	1	0.9852155359146356	0	0.014784464085364475
	1	0.9863655420432625	0	0.01363445795673737
	1	9.044876958215432E-6	0	0.9999909551230417
	1	0.006997966553512683	0	0.9930020334464873
	1	0.01307376892873314	0	0.9869262310712668
	1	0.022210518413705607	0	0.9777894815862943
	1	3.7703507652308047E-4	0	0.9996229649234769
	1	0.03316308697731217	0	0.9668369130226879
	1	0.003974979927802489	0	0.9960250200721976
	1	4.220144980594502E-5	0	0.9999577985501942
	1	0.9839923535598709	0	0.01600764644012915
	1	0.3325457555731518	0	0.6674542444268481
	1	0.9404993534271846	0	0.059500646572815466
	1	0.40598508559429947	0	0.5940149144057006
	1	0.9999237124366678	0	7.628756333210745E-5
	1	0.9915112869123544	0	0.008488713087645601
	1	5.457700103225585E-4	0	0.9994542299896774
	1	0.001741094670269031	0	0.9982589053297308
	1	6.1881661628137125E-6	0	0.9999938118338372
	1	0.6706789884360794	0	0.3293210115639205
	1	0.8523477368297744	0	0.14765226317022562
	1	0.9998129429593096	0	1.870570406904573E-4
	1	0.2224779651438541	0	0.7775220348561459
	1	0.0010429098760455107	0	0.9989570901239545
	1	1.5188255809731364E-4	0	0.9998481174419026
	1	0.1841071431992334	0	0.8158928568007665
	1	1.6889808114867436E-5	0	0.9999831101918852
	1	0.2322945021383779	0	0.7677054978616221
	1	4.6819305871848975E-4	0	0.9995318069412815
	1	0.0029482250721022322	0	0.9970517749278979
	1	0.49580900324413596	0	0.5041909967558641
	1	0.20592151601752692	0	0.794078483982473
	1	7.759921478880986E-6	0	0.9999922400785212
	1	0.32900640489056204	0	0.6709935951094379
	1	0.32900640489056204	0	0.6709935951094379
	1	1.1335438357406345E-5	0	0.9999886645616427
	1	0.9870456393283761	0	0.012954360671623807
	1	0.037958750065935784	0	0.9620412499340643
	1	0.0056007890968368	0	0.9943992109031632
	1	2.5776755098043475E-5	0	0.999974223244902
	1	0.9831522982243457	0	0.01684770177565442
	1	0.02032845605877321	0	0.9796715439412267
	1	0.9955347376970076	0	0.004465262302992316
	1	0.965951158644123	0	0.03404884135587701
	1	0.0023023760033010965	0	0.9976976239966988
	1	3.693585559078496E-5	0	0.9999630641444093
	1	3.1749648706852783E-4	0	0.9996825035129315
	1	5.84797330473148E-4	0	0.9994152026695269
	1	0.009004772298894024	0	0.9909952277011059
	1	0.9587804237115725	0	0.0412195762884276
	1	0.0012900837099878446	0	0.998709916290012
	1	0.003317392211511725	0	0.9966826077884882
	1	5.400773650055346E-4	0	0.9994599226349945
	1	0.023307769555923185	0	0.9766922304440769
	1	0.7271879047579537	0	0.27281209524204636
	1	3.385489594896087E-5	0	0.999966145104051
	1	0.0021843170434033147	0	0.9978156829565967
	1	7.321917140511974E-6	0	0.9999926780828594
	1	7.146472215924265E-4	0	0.9992853527784077
	1	6.133637523144555E-4	0	0.9993866362476854
	1	8.431995294645279E-6	0	0.9999915680047053
	1	0.9956696275738602	0	0.004330372426139855
	1	0.011935124263418194	0	0.9880648757365819
	1	0.9816310913265904	0	0.018368908673409477
	1	8.808391131163796E-5	0	0.9999119160886883
	1	0.0043773266627601184	0	0.99562267333724
	1	0.06438823903114088	0	0.9356117609688591
	1	2.507249775056019E-5	0	0.9999749275022495
	1	0.957237087183018	0	0.042762912816981906
	1	8.445054471439832E-5	0	0.9999155494552856
	1	0.9940988314553295	0	0.005901168544670411
	1	1.0796960821801668E-5	0	0.9999892030391782
	1	2.6876592161673962E-5	0	0.9999731234078384
	1	1.893130848638995E-5	0	0.9999810686915135
	1	0.0027251414079297715	0	0.9972748585920703
	1	0.9686367641335724	0	0.03136323586642763
	1	7.895488028012781E-4	0	0.9992104511971988
	1	0.9820889613362496	0	0.017911038663750448
	1	0.0032799343933630196	0	0.996720065606637
	1	0.9670670407071172	0	0.032932959292882646
	1	1.8351995316109645E-4	0	0.9998164800468389
	1	0.9502674351958724	0	0.04973256480412753
	1	5.8736776885138755E-5	0	0.9999412632231147
	1	0.9874853011572035	0	0.012514698842796535
	1	0.993928182555601	0	0.006071817444398899
	1	0.9470153873514326	0	0.052984612648567256
	1	0.9920167536615152	0	0.007983246338484707
	1	0.9954759050151264	0	0.004524094984873658
	1	0.9964791900801542	0	0.0035208099198459127
	1	0.9804186425414707	0	0.019581357458529323
	1	0.9940977186879807	0	0.005902281312019357
	1	2.2950008456243188E-5	0	0.9999770499915438
	1	0.9995916991873746	0	4.0830081262531866E-4
	1	7.601403204639449E-5	0	0.9999239859679536
	1	0.018704690376204737	0	0.9812953096237952
	1	8.257409080610187E-6	0	0.9999917425909194
	1	6.738757020878653E-5	0	0.9999326124297911
	1	2.8935782157052267E-5	0	0.9999710642178429
	1	5.802496920777785E-4	0	0.9994197503079221
	1	0.005910527730308519	0	0.9940894722696916
	1	0.9846377752274968	0	0.01536222477250317
	1	0.021041184543212795	0	0.9789588154567872
	1	1.7430192590793866E-5	0	0.9999825698074091
	1	2.4852426289557614E-5	0	0.9999751475737105
	1	3.6171607273505544E-4	0	0.9996382839272651
	1	0.021377870033330693	0	0.9786221299666694
	1	5.769452679965106E-5	0	0.9999423054732004
	1	5.716847158040585E-4	0	0.999428315284196
	1	0.0011242922580902105	0	0.9988757077419098
	1	3.7368760908404493E-5	0	0.9999626312390917
	1	2.4406625061300577E-5	0	0.9999755933749388
	1	0.05610379449327885	0	0.9438962055067212
	1	0.4818762869736193	0	0.5181237130263806
	1	0.02219879377099082	0	0.9778012062290091
	1	1.4531359822606108E-5	0	0.9999854686401775
	1	4.942274017156967E-4	0	0.9995057725982843
	1	9.089740578833361E-6	0	0.9999909102594211
	1	0.003511647670026893	0	0.9964883523299731
	1	7.053883439441479E-5	0	0.9999294611656055
	1	4.6513235475933697E-4	0	0.9995348676452406
	1	3.206578774040113E-5	0	0.9999679342122596
	1	0.055488642685725044	0	0.9445113573142748
	1	4.90000742784931E-4	0	0.9995099992572152
	1	2.5067770886037597E-5	0	0.999974932229114
	1	0.0013409924654004604	0	0.9986590075345996
	1	8.076316285702896E-6	0	0.9999919236837143
	1	0.016827114059713353	0	0.9831728859402867
	1	9.659825299455701E-4	0	0.9990340174700545
	1	7.288856058436584E-4	0	0.9992711143941563
	1	0.00112812291581552	0	0.9988718770841845
	1	4.2566048873364176E-5	0	0.9999574339511267
	1	0.0010958374280692713	0	0.9989041625719307
	1	1.2842509709071178E-5	0	0.9999871574902909
	1	0.3864456173127856	0	0.6135543826872144
	1	0.0011276765604282895	0	0.9988723234395716
	1	0.001062777921035839	0	0.9989372220789643
	1	0.003496772497024922	0	0.996503227502975
	1	1.1781485231845984E-5	0	0.9999882185147683
	1	0.9846142601509337	0	0.015385739849066384
	1	0.9830869733567331	0	0.01691302664326677
	1	0.9397020526574845	0	0.06029794734251551
	1	3.5286159245258534E-6	0	0.9999964713840754
	1	0.001447160463530782	0	0.9985528395364692
	1	5.965459866777404E-4	0	0.9994034540133223
	1	0.00289285895751464	0	0.9971071410424853
	1	3.138857422765153E-4	0	0.9996861142577234
	1	0.0018403256881348458	0	0.9981596743118651
	1	7.692141504479755E-5	0	0.9999230785849551
	1	2.1634722038838824E-5	0	0.9999783652779612
	1	2.6312413292573967E-5	0	0.9999736875867073
	1	6.38266128991261E-5	0	0.9999361733871007
	1	0.004382646400355261	0	0.9956173535996448
	1	5.611958618562229E-4	0	0.9994388041381438
	1	2.1657120911436144E-4	0	0.9997834287908857
	1	1.8848640129567982E-4	0	0.9998115135987043
	1	0.9943838271145662	0	0.005616172885433864
	1	6.564871761356511E-4	0	0.9993435128238642
	1	3.2703117873754535E-5	0	0.9999672968821263
	1	0.10531484929857118	0	0.8946851507014288
	1	0.019396587214535743	0	0.9806034127854643
	1	2.870402930522809E-4	0	0.9997129597069477
	1	2.18761019426231E-5	0	0.9999781238980574
	1	3.2218412972167634E-5	0	0.9999677815870277
	1	9.632594395669347E-6	0	0.9999903674056043
	1	1.1812285174627009E-5	0	0.9999881877148253
	1	0.5209783735572335	0	0.47902162644276647
	1	0.0037131381484380444	0	0.996286861851562
	1	0.9622508636619054	0	0.03774913633809459
	1	0.007409972096163875	0	0.9925900279038361
	1	4.70173667059913E-5	0	0.999952982633294
	1	1.7284268295962445E-5	0	0.9999827157317042
	1	0.04425342682323645	0	0.9557465731767636
	1	2.753539962841423E-4	0	0.9997246460037158
	1	0.744367849716388	0	0.255632150283612
	1	0.9923127064969779	0	0.0076872935030221625
	1	5.083631699111102E-4	0	0.9994916368300889
	1	2.7609608195230305E-4	0	0.9997239039180478
	1	0.8870593091803266	0	0.11294069081967333
	1	0.0037838043300080547	0	0.9962161956699919
	1	1.562227721434998E-5	0	0.9999843777227856
	1	0.0020993920160221817	0	0.9979006079839778
	1	2.3140652402406898E-4	0	0.9997685934759759
	1	0.8361204986932385	0	0.16387950130676154
	1	0.00730249719591814	0	0.9926975028040819
	1	0.011166722778849747	0	0.9888332772211502
	1	0.9923235587711048	0	0.007676441228895132
	1	0.927737105441211	0	0.07226289455878905
	1	0.9907759907211144	0	0.009224009278885684
	1	0.9973360040103161	0	0.002663995989683809
	1	0.0859056086703128	0	0.9140943913296873
	1	0.9460859033849576	0	0.0539140966150424
	1	0.9381563725442299	0	0.061843627455770024
	1	0.9113746129636966	0	0.08862538703630353
	1	0.0015400827895264422	0	0.9984599172104734
	1	0.005358529108602991	0	0.994641470891397
	1	0.6649637214482809	0	0.33503627855171914
	1	0.9216403795966769	0	0.07835962040332319
	1	0.9739633833885883	0	0.026036616611411743
	1	9.210629851217107E-4	0	0.9990789370148783
	1	0.0027618990535404307	0	0.9972381009464596
	1	0.001177546371382908	0	0.998822453628617
	1	0.0012683909897808227	0	0.9987316090102192
	1	6.00753505581971E-4	0	0.9993992464944181
	1	0.9907759907211144	0	0.009224009278885684
	1	1.9458640346266116E-4	0	0.9998054135965372
	1	4.535751713957479E-4	0	0.9995464248286043
	1	0.9951426617418522	0	0.004857338258147813
	1	0.8415675018827368	0	0.15843249811726312
	1	0.9034986695767686	0	0.09650133042323145
	1	0.9871848224310988	0	0.01281517756890118
	1	9.091927440607043E-4	0	0.9990908072559392
	1	0.002633098441038658	0	0.9973669015589612
	1	0.8701718104377859	0	0.1298281895622141
	1	0.022305446265222587	0	0.9776945537347774
	1	0.8598798616743503	0	0.1401201383256498
	1	0.13443222735374	0	0.86556777264626
	1	0.0016685473434169505	0	0.998331452656583
	1	0.9907951919079901	0	0.00920480809200981
	1	0.9646375272211665	0	0.035362472778833524
	1	0.9378738459419442	0	0.06212615405805569
	1	0.0011255065175703564	0	0.9988744934824295
	1	0.0011255065175703564	0	0.9988744934824295
	1	0.984365070289843	0	0.015634929710156953
	1	2.249577463470623E-4	0	0.999775042253653
	1	1.0757563804105666E-4	0	0.999892424361959
	1	3.31538704967624E-4	0	0.9996684612950325
	1	4.370051797430659E-5	0	0.9999562994820257
	1	0.0037738920133088367	0	0.9962261079866911
	1	2.249577463470623E-4	0	0.999775042253653
	1	1.3862811284986253E-4	0	0.9998613718871501
	1	3.3351475670741253E-4	0	0.9996664852432925
	1	0.9715129739322057	0	0.028487026067794317
	1	2.249263002546487E-5	0	0.9999775073699746
	1	1.9683915671249092E-4	0	0.9998031608432875
	1	8.190437712739887E-4	0	0.999180956228726
	1	0.062257071022089557	0	0.9377429289779105
	1	0.001508747700132437	0	0.9984912522998675
	1	0.010505251452287841	0	0.9894947485477121
	1	0.928451945531985	0	0.07154805446801493
	1	0.031167223659621407	0	0.9688327763403785
	1	0.002469828263157367	0	0.9975301717368427
	1	4.705246753862191E-5	0	0.9999529475324614
	1	4.046280118848757E-6	0	0.9999959537198813
	1	8.675400236390272E-6	0	0.9999913245997637
	1	2.4540196657474057E-5	0	0.9999754598033426
	1	0.9998695614058855	0	1.3043859411448618E-4
	1	0.15816672417360073	0	0.8418332758263993
	1	3.718335553667236E-5	0	0.9999628166444634
	1	0.02915636770936306	0	0.970843632290637
	1	0.002185520169927945	0	0.997814479830072
	1	0.9839536748750196	0	0.016046325124980314
	1	0.9300175305820831	0	0.06998246941791689
	1	0.9597029796588628	0	0.04029702034113729
	1	0.9988799696040149	0	0.0011200303959849967
	1	0.0051855677791370226	0	0.994814432220863
	1	0.6553915672354605	0	0.34460843276453945
	1	0.002514123880964623	0	0.9974858761190354
	1	0.9505638591492517	0	0.049436140850748364
	1	0.9999112419105174	0	8.87580894826275E-5
	1	4.4889384443054976E-5	0	0.999955110615557
	1	1.833086892442909E-4	0	0.9998166913107556
	1	0.929354491620384	0	0.0706455083796161
	1	0.008175286888140688	0	0.9918247131118593
	1	3.2329435303073774E-4	0	0.9996767056469692
	1	0.0018861067631736586	0	0.9981138932368264
	1	0.0011508028179138322	0	0.9988491971820862
	1	0.9986811478178877	0	0.001318852182112228
	1	0.9724385416760247	0	0.02756145832397526
	1	0.7870507958493862	0	0.21294920415061383
	1	1.0757563804105666E-4	0	0.999892424361959
	1	3.31538704967624E-4	0	0.9996684612950325
	1	0.9993127914744231	0	6.872085255769384E-4
	1	0.6316329553846987	0	0.3683670446153014
	1	1.4172608416311251E-5	0	0.9999858273915837
	1	1.2111845294878043E-4	0	0.9998788815470513
	1	0.9174611672966444	0	0.08253883270335564
	1	0.9516898737508593	0	0.04831012624914065
	1	0.9724385416760247	0	0.02756145832397526
	1	0.0047347829098134675	0	0.9952652170901867
	1	0.004911046366488581	0	0.9950889536335114
	1	2.374359636710759E-5	0	0.9999762564036329
	1	0.010149196086249115	0	0.9898508039137509
	1	1.0287505725783155E-4	0	0.9998971249427422
	1	2.037633408905665E-4	0	0.9997962366591094
	1	0.9974510476977414	0	0.0025489523022586154
	1	0.937895302607128	0	0.062104697392871965
	1	0.711562975023766	0	0.288437024976234
	1	0.0033914081409580532	0	0.9966085918590419
	1	0.002646927717700302	0	0.9973530722822997
	1	0.994508140136574	0	0.0054918598634260875
	1	1.416499187974414E-5	0	0.9999858350081202
	1	0.9977991193099377	0	0.002200880690062243
	1	0.021570410467223137	0	0.9784295895327768
	1	0.0011984171472445642	0	0.9988015828527554
	1	0.991123076808508	0	0.008876923191492149
	1	0.0011420313970643195	0	0.9988579686029356
	1	4.896130842034292E-4	0	0.9995103869157966
	1	0.999885880195619	0	1.1411980438106068E-4
	1	2.705122393325071E-5	0	0.9999729487760668
	1	1.0476768745558644E-5	0	0.9999895232312545
	1	0.0183693053869689	0	0.9816306946130312
	1	0.7182748860089202	0	0.2817251139910799
	1	4.0644003527307304E-5	0	0.9999593559964727
	1	0.007937258260735275	0	0.9920627417392648
	1	1.1941725414334494E-5	0	0.9999880582745856
	1	0.9806378138851154	0	0.01936218611488471
	1	0.002750751205568008	0	0.9972492487944319
	1	1.1657932847563932E-5	0	0.9999883420671524
	1	5.688851174920092E-4	0	0.9994311148825079
	1	2.0048170774416552E-5	0	0.9999799518292257
	1	1.5231693156819432E-5	0	0.9999847683068432
	1	7.455157354470303E-4	0	0.9992544842645531
	1	0.08106624782422128	0	0.9189337521757788
	1	0.08038601380413905	0	0.9196139861958609
	1	0.006536111602226197	0	0.9934638883977738
	1	0.017834556459673523	0	0.9821654435403264
	1	0.03028001345501988	0	0.9697199865449803
	1	0.9864935833706846	0	0.013506416629315366
	1	1.7416713006260093E-5	0	0.9999825832869937
	1	0.0031897650083062526	0	0.9968102349916936
	1	7.296594739933096E-4	0	0.9992703405260068
	1	6.966419230355185E-4	0	0.9993033580769645
	1	1.2532764567941296E-4	0	0.9998746723543207
	1	7.275810040209846E-4	0	0.999272418995979
	1	2.3628950378997183E-4	0	0.99976371049621
	1	0.003671153427290255	0	0.9963288465727097
	1	0.0022481218143674867	0	0.9977518781856326
	1	2.9710918928606777E-5	0	0.9999702890810713
	1	0.9876392856983985	0	0.01236071430160138
	1	0.010008644149277117	0	0.9899913558507227
	1	1.091474169932457E-5	0	0.9999890852583007
	1	5.229393882032167E-4	0	0.9994770606117968
	1	3.5353377042925664E-4	0	0.9996464662295709
	1	0.4125738181181688	0	0.5874261818818312
	1	0.0010353978285667028	0	0.9989646021714333
	1	0.002419673965129801	0	0.9975803260348702
	1	0.0065765092127436885	0	0.9934234907872563
	1	4.5270715535649216E-4	0	0.9995472928446435
	1	0.017067711695954703	0	0.9829322883040452
	1	0.9696894981115859	0	0.030310501888414096
	1	0.9999524986892674	0	4.750131073255821E-5
	1	1.3831066115997805E-4	0	0.99986168933884
	1	0.009428610740942934	0	0.990571389259057
	1	1.977819864433472E-4	0	0.9998022180135566
	1	0.004972448820824855	0	0.9950275511791752
	1	5.814227453883829E-5	0	0.9999418577254612
	1	0.9998700840153082	0	1.2991598469182808E-4
	1	0.9876392856983985	0	0.01236071430160138
	1	0.9433307737226168	0	0.05666922627738334
	1	9.769150793315555E-4	0	0.9990230849206685
	1	0.0036821157394423343	0	0.9963178842605577
	1	2.3222450909537524E-4	0	0.9997677754909047
	1	0.9943528816143584	0	0.005647118385641675
	1	1.1452432884049895E-5	0	0.999988547567116
	1	4.272667154967299E-5	0	0.9999572733284502
	1	1.2596189528764757E-4	0	0.9998740381047124
	1	1.278260961463726E-4	0	0.9998721739038535
	1	1.6409019548113187E-5	0	0.999983590980452
	1	6.823548975442461E-4	0	0.9993176451024559
	1	1.2500193737858197E-4	0	0.9998749980626214
	1	0.4352847128566978	0	0.5647152871433021
	1	4.935026060558862E-5	0	0.9999506497393944
	1	3.56921426432855E-5	0	0.9999643078573566
	1	0.0012509668373200664	0	0.9987490331626799
	1	0.9997373791767671	0	2.626208232330297E-4
	1	3.690381363730188E-4	0	0.9996309618636269
	1	0.0027998161622311323	0	0.997200183837769
	1	4.08124137880977E-6	0	0.9999959187586213
	1	3.3856298056437366E-4	0	0.9996614370194357
	1	0.007374500782178155	0	0.992625499217822
	1	2.178449023736092E-5	0	0.9999782155097627
	1	0.005832708470733154	0	0.9941672915292668
	1	4.5413454559397123E-4	0	0.9995458654544059
	1	0.01706340065470516	0	0.9829365993452949
	1	3.364527383564822E-5	0	0.9999663547261645
	1	0.0015573334185333876	0	0.9984426665814665
	1	0.0029334984483501813	0	0.9970665015516498
	1	0.9999873435082788	0	1.2656491721200255E-5
	1	1.3572058206068568E-5	0	0.999986427941794
	1	0.9806378412912607	0	0.01936215870873922
	1	6.439175767677725E-6	0	0.9999935608242323
	1	3.3666607240640423E-4	0	0.9996633339275935
	1	0.01592050612545488	0	0.9840794938745451
	1	0.0072257664887847	0	0.9927742335112152
	1	2.938727321023468E-5	0	0.9999706127267898
	1	0.04549511198242327	0	0.9545048880175768
	1	0.002160890310007412	0	0.9978391096899926
	1	1.8796519328548045E-5	0	0.9999812034806714
	1	0.9999023899921403	0	9.761000785972356E-5
	1	2.78981913472839E-5	0	0.9999721018086528
	1	1.1309102262808146E-4	0	0.999886908977372
	1	3.4820301962750367E-4	0	0.9996517969803724
	1	0.008356384869389012	0	0.991643615130611
	1	0.853719132480455	0	0.1462808675195451
	1	6.697546461511194E-5	0	0.999933024535385
	1	3.4574981826089303E-4	0	0.999654250181739
	1	0.10829997536463509	0	0.8917000246353648
	1	4.000912625636999E-4	0	0.9995999087374363
	1	0.019390818058372145	0	0.9806091819416279
	1	0.0026984509486286078	0	0.9973015490513714
	1	1.2050278251591907E-4	0	0.999879497217484
	1	0.9964564929132783	0	0.003543507086721679
	1	0.006229434351391849	0	0.993770565648608
	1	0.9402571067814631	0	0.05974289321853695
	1	0.001131974979171379	0	0.9988680250208285
	1	0.9805758703895787	0	0.0194241296104212
	1	2.954142691312201E-5	0	0.9999704585730869
	1	0.010091337687760361	0	0.9899086623122396
	1	0.0014524741622429552	0	0.998547525837757
	1	0.8747166225480117	0	0.12528337745198836
	1	0.7345179610111608	0	0.2654820389888391
	1	0.7602280626597994	0	0.23977193734020066
	1	0.9998556077778031	0	1.443922221968503E-4
	1	7.717878680107464E-6	0	0.9999922821213199
	1	0.9815919574729765	0	0.01840804252702357
	1	0.21942520788792858	0	0.7805747921120714
	1	5.798705809740996E-4	0	0.9994201294190259
	1	0.2002003792579272	0	0.7997996207420729
	1	0.999288977503476	0	7.110224965238511E-4
	1	0.9115148810334104	0	0.08848511896658953
	1	0.9999088395244053	0	9.116047559455705E-5
	1	0.6293999860521658	0	0.3706000139478341
	1	0.9930581872173337	0	0.006941812782666358
	1	0.019733649365230057	0	0.9802663506347699
	1	0.37241047661841165	0	0.6275895233815884
	1	0.9988799696040149	0	0.0011200303959849967
	1	0.9732341212509291	0	0.026765878749071013
	1	0.9965911593561415	0	0.0034088406438583956
	1	2.9020822596483673E-5	0	0.9999709791774035
	1	3.730975554522751E-4	0	0.9996269024445478
	1	0.0018573589377016478	0	0.9981426410622984
	1	0.0041048654647525915	0	0.9958951345352475
	1	7.847600285706623E-5	0	0.999921523997143
	1	2.515129989858583E-5	0	0.9999748487001014
	1	0.009438106500722928	0	0.9905618934992771
	1	9.295379362511041E-4	0	0.9990704620637488
	1	0.0033055163922219273	0	0.9966944836077781
	1	0.9411663438814125	0	0.05883365611858744
	1	0.996979162617391	0	0.0030208373826091594
	1	0.9940037235199602	0	0.005996276480039683
	1	0.9994758784318429	0	5.24121568157131E-4
	1	0.977165191627235	0	0.02283480837276501
	1	0.001042390399232287	0	0.9989576096007676
	1	0.001477933893242235	0	0.9985220661067576
	1	0.990733190371361	0	0.009266809628638942
	1	0.9964722087060642	0	0.003527791293935687
	1	8.738289132683795E-4	0	0.9991261710867317
	1	0.9906721778925259	0	0.009327822107474154
	1	9.210375130178536E-4	0	0.9990789624869822
	1	0.9874495298162246	0	0.012550470183775453
	1	0.9999530409086893	0	4.695909131077639E-5
	1	0.9559026922074971	0	0.04409730779250284
	1	0.0010379102567385553	0	0.9989620897432614
	1	8.064847653067625E-4	0	0.9991935152346931
	1	1.4127479981616424E-5	0	0.9999858725200182
	1	0.9874676092714506	0	0.01253239072854926
	1	0.31888549563874513	0	0.6811145043612548
	1	0.9995549855752297	0	4.4501442477021887E-4
	1	0.11997080524313354	0	0.8800291947568665
	1	0.01205606695116129	0	0.9879439330488387
	1	0.9991120132461498	0	8.879867538501234E-4
	1	0.020464396258576024	0	0.9795356037414241
	1	0.09587498366949464	0	0.9041250163305055
	1	0.9992210479139114	0	7.78952086088621E-4
	1	0.031845090241952735	0	0.9681549097580472
	1	0.10036566228661918	0	0.899634337713381
	1	0.9332932137341317	0	0.06670678626586829
	1	0.999714098016207	0	2.8590198379302754E-4
	1	0.0244785644420579	0	0.9755214355579421
	1	0.8567761728633058	0	0.14322382713669427
	1	0.020464396258576024	0	0.9795356037414241
	1	0.9677193803044092	0	0.03228061969559088
	1	0.0012268797936836706	0	0.9987731202063164
	1	2.9406252799608876E-5	0	0.9999705937472003
	1	0.0011608786526981895	0	0.9988391213473018
	1	0.9677193803044092	0	0.03228061969559088
	1	4.556552446423581E-4	0	0.9995443447553576
	1	0.005702400952907267	0	0.9942975990470927
	1	0.002101180376247042	0	0.997898819623753
	1	0.8030784000243194	0	0.1969215999756806
	1	0.9987512715701754	0	0.0012487284298246426
	1	0.7910595067825148	0	0.20894049321748506
	1	0.002020316876950238	0	0.9979796831230499
	1	7.112837462177148E-6	0	0.9999928871625379
	1	1.7342829857199E-5	0	0.9999826571701429
	1	0.9982950238323681	0	0.0017049761676317388
	1	0.9799331241489161	0	0.020066875851084017
	1	0.7735987378815626	0	0.22640126211843747
	1	0.7746727494817172	0	0.22532725051828287
	1	0.9964564929132783	0	0.003543507086721679
	1	0.9889085627143261	0	0.011091437285673866
	1	0.014084580703610525	0	0.9859154192963894
	1	1.6481872002888496E-5	0	0.9999835181279971
	1	0.9987748363256482	0	0.0012251636743518444
	1	0.00245292261866698	0	0.997547077381333
	1	0.9547328964357636	0	0.04526710356423643
	1	1.4275181057824195E-5	0	0.9999857248189421
	1	0.9986359959768618	0	0.0013640040231381893
	1	0.9831522982243457	0	0.01684770177565442
	1	0.9839515157717923	0	0.016048484228207847
	1	1.3776432530831462E-5	0	0.9999862235674691
	1	0.9818353740352664	0	0.018164625964733616
	1	0.9893548255074753	0	0.010645174492524794
	1	0.04180833645818946	0	0.9581916635418106
	1	4.119522721647492E-4	0	0.9995880477278353
	1	0.9789952422559064	0	0.021004757744093442
	1	0.9983134807946368	0	0.001686519205363167
	1	0.04006691693298529	0	0.9599330830670147
	1	1.4022428568989979E-5	0	0.9999859775714309
	1	2.2134135788597746E-6	0	0.9999977865864211
	1	2.9551034930897467E-4	0	0.9997044896506911
	1	1.0275736622418935E-5	0	0.9999897242633776
	1	7.547828205157049E-4	0	0.9992452171794842
	1	0.8912153508666192	0	0.1087846491333809
	1	0.17715963895527326	0	0.8228403610447268
	1	0.9990758321107563	0	9.241678892435079E-4
	1	4.67294079881311E-4	0	0.9995327059201186
	1	0.002690737346259695	0	0.9973092626537403
	1	1.2525025125248568E-4	0	0.9998747497487475
	1	0.9169287564235846	0	0.0830712435764154
	1	1.357498503676245E-5	0	0.9999864250149632
	1	0.7974451441360755	0	0.20255485586392458
	1	0.9964564929132783	0	0.003543507086721679
	1	3.8267635452852825E-5	0	0.9999617323645472
	1	0.002592542913926	0	0.9974074570860739
	1	0.006496439637261366	0	0.9935035603627386
	1	1.1127248043785541E-4	0	0.9998887275195621
	1	5.878199258674973E-5	0	0.9999412180074133
	1	0.00851040294178176	0	0.9914895970582182
	1	0.0016949006430911938	0	0.9983050993569087
	1	0.003686396175486406	0	0.9963136038245137
	1	1.4110446241915822E-5	0	0.999985889553758
	1	0.9559130208971438	0	0.04408697910285624
	1	0.9996807862814427	0	3.1921371855734486E-4
	1	4.8078137094755466E-5	0	0.9999519218629054
	1	0.0016040686173884491	0	0.9983959313826115
	1	0.9840025212241738	0	0.015997478775826232
	1	0.9907759907211144	0	0.009224009278885684
	1	0.007296578308153155	0	0.9927034216918468
	1	3.3094225123491584E-5	0	0.9999669057748765
	1	1.117672788978188E-4	0	0.9998882327211022
	1	0.0023278320966122986	0	0.9976721679033878
	1	0.0012079136297029635	0	0.998792086370297
	1	5.734735992414056E-6	0	0.9999942652640076
	1	0.9890563376738267	0	0.010943662326173388
	1	0.0026900228422955144	0	0.9973099771577045
	1	0.0017435821315046438	0	0.9982564178684953
	1	0.0036675332107954624	0	0.9963324667892045
	1	0.002934257320418086	0	0.9970657426795819
	1	3.166847615238267E-5	0	0.9999683315238477
	1	0.15672198364052264	0	0.8432780163594774
	1	0.8012158273616559	0	0.1987841726383441
	1	4.256339216082349E-5	0	0.9999574366078392
	1	0.10791738816435836	0	0.8920826118356417
	1	0.0015750299160422743	0	0.9984249700839577
	1	0.9982201876413278	0	0.0017798123586721473
	1	7.002352650499631E-4	0	0.9992997647349501
	1	7.212336825256096E-4	0	0.9992787663174744
	1	6.589209903879993E-5	0	0.9999341079009613
	1	0.9495260930804307	0	0.05047390691956931
	1	0.010788444503718875	0	0.9892115554962811
	1	0.0014606165202726042	0	0.9985393834797275
	1	2.8338661721741247E-5	0	0.9999716613382783
	1	1.4999275608710386E-5	0	0.9999850007243913
	1	0.0030696444391660363	0	0.9969303555608339
	1	9.151094691202327E-4	0	0.9990848905308799
	1	0.9966795955950917	0	0.0033204044049082574
	1	0.7899282881109522	0	0.21007171188904786
	1	4.322303927159251E-4	0	0.999567769607284
	1	1.8855245383962696E-4	0	0.9998114475461602
	1	0.026505123369017263	0	0.9734948766309828
	1	0.9999872234536197	0	1.2776546380303898E-5
	1	0.0930124725567436	0	0.9069875274432564
	1	3.803123062952018E-4	0	0.9996196876937049
	1	1.4661326522545917E-5	0	0.9999853386734774
	1	0.9312745257214299	0	0.06872547427857015
	1	3.99101820160222E-4	0	0.9996008981798397
	1	9.897387278070361E-6	0	0.9999901026127218
	1	2.625508748633768E-5	0	0.9999737449125137
	1	3.311909720111709E-5	0	0.999966880902799
	1	0.003191212899599328	0	0.9968087871004007
	1	0.7753633329261594	0	0.22463666707384045
	1	0.02825229984918137	0	0.9717477001508187
	1	0.0022962512089115426	0	0.9977037487910884
	1	0.005598061266555706	0	0.9944019387334444
	1	0.9192485492710688	0	0.08075145072893108
	1	0.9768330144479203	0	0.023166985552079838
	1	0.0027313622646420034	0	0.997268637735358
	1	0.010873592261081798	0	0.9891264077389182
	1	0.9851711530242794	0	0.014828846975720648
	1	0.015114642924033885	0	0.9848853570759661
	1	0.00956239370323897	0	0.9904376062967609
	1	0.008733949041833396	0	0.9912660509581666
	1	0.8701718104377859	0	0.1298281895622141
	1	0.9999048227664219	0	9.517723357822633E-5
	1	0.08892796231168766	0	0.9110720376883124
	1	2.9617449070834035E-4	0	0.9997038255092917
	1	0.9994044173394736	0	5.95582660526369E-4
	1	1.772233217543491E-5	0	0.9999822776678245
	1	1.6987065022321118E-4	0	0.9998301293497768
	1	0.0013120042198386814	0	0.9986879957801614
	1	5.283463455255632E-6	0	0.9999947165365447
	1	2.9166816093045237E-4	0	0.9997083318390696
	1	1.9520865618255097E-5	0	0.9999804791343818
	1	1.410702862329667E-5	0	0.9999858929713767
	1	6.434418683131787E-4	0	0.9993565581316868
	1	0.9999025044700937	0	9.749552990631798E-5
	1	2.6258887958142594E-4	0	0.9997374111204185
	1	0.9996003852893878	0	3.9961471061225704E-4
	1	0.965951158644123	0	0.03404884135587701
	1	0.008580325281095638	0	0.9914196747189044
	1	2.9302741249567967E-5	0	0.9999706972587503
	1	0.577274466986062	0	0.42272553301393806
	1	3.497180050555547E-4	0	0.9996502819949443
	1	0.6293999860521658	0	0.3706000139478341
	1	2.0010769324932074E-5	0	0.999979989230675
	1	0.999687264007221	0	3.1273599277901006E-4
	1	0.9613417747005053	0	0.03865822529949483
	1	0.013316803333136165	0	0.9866831966668638
	1	1.384818085534173E-5	0	0.9999861518191446
	1	0.9517247324223393	0	0.048275267577660694
	1	1.875542991752157E-4	0	0.9998124457008248
	1	0.986962986165265	0	0.013037013834735014
	1	0.9862515462876862	0	0.013748453712313858
	1	0.7922934841808766	0	0.20770651581912336
	1	0.02441740548138037	0	0.9755825945186196
	1	0.04169093213977263	0	0.9583090678602273
	1	0.9997125425561451	0	2.874574438548752E-4
	1	8.655192488072406E-4	0	0.9991344807511927
	1	5.766806019050132E-4	0	0.999423319398095
	1	0.009730431965269758	0	0.9902695680347301
	1	0.9214670401796803	0	0.07853295982031983
	1	0.04882597511518835	0	0.9511740248848116
	1	0.0026489215051405893	0	0.9973510784948594
	1	0.9274466889471035	0	0.07255331105289653
	1	0.7153393897074768	0	0.2846606102925232
	1	0.9956696275738602	0	0.004330372426139855
	1	0.850087395022491	0	0.14991260497750897
	1	0.26285110859406763	0	0.7371488914059323
	1	0.7646409232832235	0	0.23535907671677656
	1	0.4802866281600295	0	0.5197133718399705
	1	0.9994369771166794	0	5.630228833205824E-4
	1	0.0066953310983919115	0	0.9933046689016082
	1	0.0371467819729281	0	0.9628532180270719
	1	0.005977021499113496	0	0.9940229785008866
	1	1.2182531811178293E-4	0	0.9998781746818883
